2 0 0.2735620625 0.06267605769230769 0.341635 0.08318586057692307 0.3489510625 0.11235993028846154 0.34864403605769234 0.14376280048076923 0.3377728269230769 0.16266892067307692 0.32557311538461536 0.17382926923076925 0.3106384735576923 0.1712092956730769 0.2949067475961539 0.147823875 0.19875725961538462 0.12709899278846154 0.22112716826923076 0.09838778846153845 0.23783477884615384 0.05835649759615384 0.2513814158653846 0.015553353365384616 0.2581158653846154 0 0.25580806971153847 0 0.2735620625
3 0 0.25500829326923075 0.0011491706730769231 0.2551106658653846 0.030456879807692308 0.25642994951923076 0.06395427884615384 0.24951228125000002 0.10010812740384616 0.23723464182692308 0.1276159423076923 0.2220342379807692 0.1491609014423077 0.19887636778846154 0.15183558653846155 0.18297054326923076 0.14748615625 0.17311187980769233 0.13977623076923076 0.1654292860576923 0.12712823317307692 0.15687628125 0.11883878365384616 0.1529090168269231 0.10045936057692308 0.14459883413461538 0.06662361538461538 0.14201515865384615 0.03689674519230769 0.14636277884615384 0.008061021634615384 0.15617115144230767 0 0.16064463461538464 0 0.25500829326923075
3 0.5194303485576923 0.6453650552884616 0.5205353149038461 0.65342790625 0.5299558317307692 0.6819273269230769 0.5441892740384615 0.7205419495192308 0.5580765072115385 0.7226400817307692 0.5723561706730769 0.7187460480769231 0.5839708966346154 0.7093408701923077 0.583409608173077 0.7025103509615385 0.5764578125 0.6825181538461538 0.5713156634615385 0.6576286826923077 0.5670913798076923 0.6385252211538461 0.5663429951923077 0.6294178605769231 0.5693384158653847 0.6174151899038461 0.5754003245192307 0.5996585673076923 0.5724772259615385 0.585621875 0.540926875 0.49240435817307693 0.5258453701923077 0.4865405120192308 0.5050500528846154 0.48651766826923076 0.4846823822115385 0.49169903125 0.46949333894230766 0.5006781682692307 0.46196988461538463 0.5114164519230769 0.46220131490384614 0.5196167403846154 0.4882699134615385 0.6107315168269231 0.5016930240384615 0.6287171442307693 0.5194303485576923 0.6453650552884616
4 0.7023469447115385 0.6047249471153846 0.6842159399038461 0.6263572788461539 0.6926390288461538 0.6319508605769231 0.6999662692307692 0.6242086634615384 0.7127133197115385 0.6070475673076923 0.7023469447115385 0.6047249471153846
4 0.5787196225961538 0.5108388629807693 0.6074478076923077 0.5158734783653846 0.6091238076923077 0.5093498894230769 0.5888812884615384 0.5052864567307692 0.5787196225961538 0.5108388629807693
4 0.7781667139423077 0.8059616947115384 0.7242214591346153 0.8170849375 0.7258166490384615 0.8257295985576923 0.77937859375 0.8153255985576924 0.7781667139423077 0.8059616947115384
4 0.8334769807692308 0.7629947475961539 0.8150343533653845 0.7754510000000001 0.8206230216346154 0.7788547908653847 0.8392260144230769 0.7683501153846154 0.8517318822115385 0.7644056923076923 0.8609932860576923 0.7586654591346154 0.8547807596153846 0.7530535432692307 0.8430056658653846 0.760507141826923 0.8334769807692308 0.7629947475961539
3 0.5603895600961539 0.3792998317307692 0.5534188990384615 0.38599752403846155 0.555254639423077 0.39756954807692313 0.5578029230769231 0.42319659615384614 0.5666888774038461 0.44519075721153845 0.5758068942307693 0.45924117548076926 0.5870376826923077 0.46669928125000004 0.6002743269230769 0.4662640288461538 0.6054711875 0.4595159519230769 0.7591967379807693 0.39744064663461537 0.7626823798076923 0.38601978605769227 0.7617201730769231 0.3743103221153846 0.7592781754807691 0.36612836057692305 0.7556953677884616 0.35483121394230765 0.7416392764423076 0.3399103918269231 0.7294098052884616 0.34183451923076924 0.5894299903846154 0.3773664903846154 0.5742233365384615 0.3807474399038462 0.5603895600961539 0.3792998317307692
3 0.5315154759615385 0.45863201442307694 0.5422560408653846 0.46550831490384614 0.5577208509615385 0.47065292067307696 0.5732482427884615 0.471175125 0.5919757596153846 0.46756968750000005 0.6019412091346154 0.46501336298076923 0.60680821875 0.45963505769230767 0.6059529206730769 0.4492266466346154 0.6039033557692307 0.43505251923076926 0.5995630432692308 0.4199209326923077 0.5949196057692308 0.40648437740384613 0.5872722548076923 0.3941793870192308 0.5771379423076923 0.38391301923076926 0.5651138076923077 0.37756813701923075 0.5577422283653847 0.3793868846153846 0.5528217668269231 0.38411466346153844 0.5414834399038462 0.39149954326923075 0.5298419855769231 0.4005794519230769 0.5208387427884615 0.41484524038461534 0.5183602740384615 0.42775497836538456 0.5199821899038461 0.43672490384615387 0.5243048918269231 0.4462583004807692 0.5315154759615385 0.45863201442307694
3 0.6656047548076922 0.38910321153846156 0.6986477812499999 0.3766560745192308 0.7164574254807692 0.367264625 0.7049945769230769 0.3677502620192307 0.6650167379807693 0.3819474278846154 0.43924165625 0.4771035697115385 0.43931272355769235 0.48335228365384614 0.6656047548076922 0.38910321153846156
4 0.545830985576923 0.4497903125 0.5630434951923077 0.4385160072115385 0.5574281009615384 0.4347869519230769 0.5418557451923077 0.44448533653846156 0.545830985576923 0.4497903125
4 0.5087866201923077 0.4404631706730769 0.4964143918269231 0.4460339086538462 0.48005781009615384 0.45157259375 0.4840597764423077 0.45720283653846155 0.5105780264423078 0.4461117451923077 0.5087866201923077 0.4404631706730769
4 0.7020351177884615 0.9342421394230769 0.7086094927884615 0.9285952043269231 0.6837769855769231 0.9117457427884615 0.6842313629807693 0.9172752115384615 0.6816016442307693 0.9229604495192307 0.6957126923076923 0.9352368798076923 0.7020351177884615 0.9342421394230769
4 0.5041038701923077 0.2919508701923077 0.497088875 0.29272510817307695 0.5021065048076923 0.31071534375000004 0.5082479663461539 0.3100785408653846 0.5041038701923077 0.2919508701923077