3 0.29606929326923076 0.5182974903846154 0.28852263221153845 0.5167503581730769 0.23865968750000002 0.5473288076923077 0.23290970673076924 0.5486546850961539 0.23989376923076922 0.5520466610576923 0.2458201923076923 0.5618283413461538 0.25369704807692306 0.5725180769230769 0.26209516826923074 0.5756554495192308 0.2685015168269231 0.5721772548076923 0.3067218293269231 0.5344930120192308 0.3057952620192308 0.5258452427884616 0.29606929326923076 0.5182974903846154
3 0.3437145264423077 0.6951161009615384 0.4082291538461539 0.7391968557692308 0.43730170913461536 0.7373525625 0.43861443509615383 0.7330479278846155 0.43554989903846153 0.7241070552884616 0.4455869182692308 0.7116448774038461 0.4553501971153846 0.7044626274038461 0.3952128317307692 0.6650181153846154 0.3774038173076923 0.654760576923077 0.3545163076923077 0.6523916105769231 0.35553663942307695 0.6607319062499999 0.36246827403846155 0.6701388725961538 0.3540701538461538 0.6670014975961538 0.3473336105769231 0.6613370913461538 0.3406121899038462 0.6643876971153847 0.3429003798076923 0.6787958533653846 0.35706360336538456 0.6893223629807692 0.3437145264423077 0.6951161009615384
0 0.39198953846153844 0.5645696129807692 0.3852867692307692 0.5602552163461538 0.3739894567307692 0.5710070384615384 0.39198953846153844 0.5645696129807692
0 0.4019483966346154 0.5976474567307692 0.4298433221153846 0.6055078365384615 0.4355030769230769 0.588409420673077 0.4263886033653846 0.5890818461538462 0.4019483966346154 0.5976474567307692
0 0.3865807235576923 0.8350183269230769 0.40037241826923076 0.8306947163461539 0.39818555528846156 0.8203365889423077 0.39945694711538465 0.8103244423076923 0.40211617788461534 0.8030651850961538 0.3852186105769231 0.79274040625 0.3684561466346154 0.7878156682692308 0.35170124519230767 0.7872484375 0.35294288701923077 0.7963237956730769 0.3435697932692308 0.8109911634615384 0.3494548774038462 0.8150653293269231 0.36059490144230766 0.8223584807692308 0.36478463221153845 0.8276096682692308 0.36746654086538466 0.8334229278846154 0.3865807235576923 0.8350183269230769
0 0.4153023533653846 0.9570290456730769 0.4111126201923077 0.9517778581730769 0.3938440144230769 0.9631204903846153 0.3993016033653846 0.9744395408653846 0.39679612980769235 0.9797338389423077 0.4038815216346154 0.9871758461538461 0.4196236514423077 0.9837602884615385 0.4214989783653846 0.9776108125 0.42409821875 0.9720090408653845 0.4173541153846154 0.9619871298076923 0.4153023533653846 0.9570290456730769
0 0.2656647475961539 0.7669966274038462 0.2775886778846154 0.77318 0.27930268750000004 0.7646379759615385 0.27297498557692307 0.7590936850961539 0.2656647475961539 0.7669966274038462
0 0.29854294471153847 0.6577233124999999 0.2935582115384615 0.6653044110576923 0.3015137163461538 0.6669716610576923 0.30694106730769233 0.6608606875 0.29854294471153847 0.6577233124999999
0 0.19055611298076924 0.5955102692307692 0.20490686778846154 0.6054218293269231 0.21959891346153848 0.612753483173077 0.22789570913461538 0.6118408269230768 0.2351383918269231 0.601237858173077 0.22180796875 0.5996665961538462 0.21762579807692306 0.5987729158653846 0.20057447596153846 0.5904130937500001 0.19055611298076924 0.5955102692307692
0 0.32130950240384615 0.5903721802884616 0.31652742067307693 0.6060533461538461 0.3294752139423077 0.6044969975961538 0.32130950240384615 0.5903721802884616
0 0.38923751442307697 0.64517140625 0.3989932355769231 0.6336316514423077 0.39590248317307697 0.6276982764423077 0.3806856394230769 0.6439989903846153 0.38923751442307697 0.64517140625
0 0.36779124759615384 0.7125754134615385 0.36582215625000003 0.7190323629807692 0.37184990384615385 0.732864076923077 0.3843213076923077 0.7284875937499999 0.3861028677884616 0.7226455913461538 0.36779124759615384 0.7125754134615385
0 0.48671349999999997 0.6279114134615384 0.49362245432692303 0.6242458605769231 0.47310531250000004 0.6111825552884615 0.4661439302884615 0.6208631009615384 0.4786980048076923 0.6279016514423077 0.48671349999999997 0.6279114134615384
0 0.5922463125 0.6163686995192308 0.605501625 0.6108824375 0.61292428125 0.5953070192307692 0.610872516826923 0.5903489326923077 0.6197092307692308 0.5745189158653846 0.6105458605769231 0.5651263197115385 0.5925009086538462 0.5819362403846153 0.5921747379807693 0.5932311586538461 0.5922463125 0.6163686995192308
0 0.6604678173076923 0.4598553245192308 0.6499241706730768 0.45206733894230766 0.6394107620192307 0.4617093798076923 0.6510533894230769 0.46881517307692305 0.6537463966346154 0.46290592788461543 0.6604678173076923 0.4598553245192308
0 0.5089007548076923 0.7158402572115385 0.50149675 0.7240506754807693 0.5282926971153846 0.7325932475961537 0.5651745552884615 0.7387386658653846 0.5639404735576923 0.7340208149038462 0.5414804591346154 0.7244069639423076 0.5291476899038462 0.7181034759615385 0.5195754807692308 0.7085907644230769 0.5089007548076923 0.7158402572115385
0 0.45476187259615386 0.7458325 0.442433125 0.75996653125 0.4471405865384615 0.773745372596154 0.4670537908653846 0.782946 0.4838086947115385 0.783513233173077 0.49105893990384614 0.7772677740384615 0.49556728125 0.7668665360576923 0.4947944735576923 0.7562538100961539 0.48788905528846155 0.7438393485576923 0.4901470024038461 0.7408174831730769 0.4820826153846154 0.7307426995192308 0.47810309375 0.737949079326923 0.4734783100961539 0.7355852740384615 0.47154652644230766 0.7273122187500001 0.46957743509615385 0.7337691706730769 0.4629759927884616 0.7335048052884615 0.46150950721153844 0.7397743966346154 0.45476187259615386 0.7458325
0 0.6104656298076923 0.7362989519230769 0.6175358990384615 0.7350259471153847 0.6181509302884615 0.7271661129807693 0.6266952475961538 0.7239810216346154 0.6244221754807693 0.7182878749999999 0.6113392788461538 0.7144441778846153 0.6071460096153847 0.7252730048076923 0.6104656298076923 0.7362989519230769
0 0.46074328125 0.6604841105769231 0.4470604735576923 0.6732152572115384 0.4578254302884615 0.6817383052884616 0.4600647283653846 0.6860814447115384 0.45806186057692305 0.6911883822115384 0.4670301370192308 0.6968384182692307 0.4672549807692308 0.68149346875 0.47283608653846154 0.6734175360576924 0.47088162740384615 0.6520719663461538 0.46074328125 0.6604841105769231
0 0.5066246322115384 0.7627446538461539 0.5260614471153846 0.7691251490384615 0.5273741754807693 0.7648205144230769 0.5077084927884615 0.7533474543269231 0.5066246322115384 0.7627446538461539
0 0.4615477956730769 0.7980794615384615 0.46973216826923075 0.8048392764423077 0.4784640168269231 0.8010392403846154 0.4860555504807692 0.792213875 0.47604828365384616 0.7855885432692309 0.4590045216346154 0.7815862259615384 0.44858841586538467 0.7748407812500001 0.4424633653846154 0.7773965552884616 0.4411844110576923 0.7830511947115385 0.4483222331730769 0.7844782163461539 0.44719704086538464 0.7881678990384615 0.4529545817307692 0.7911995264423077 0.4551338894230769 0.7972001490384616 0.4615477956730769 0.7980794615384615
0 0.5306942860576923 0.8123639975961539 0.5202670841346154 0.8173410576923076 0.5188605889423077 0.8219531634615385 0.5261335120192308 0.8287802235576923 0.5300530408653846 0.8232313221153846 0.5306942860576923 0.8123639975961539
0 0.5434056538461538 0.8013575745192308 0.5349848533653846 0.7851476826923077 0.5279221418269231 0.7907781923076923 0.5238488581730769 0.7982920504807692 0.5375281298076924 0.8016409134615384 0.5434056538461538 0.8013575745192308
0 0.5589940288461539 0.7999069735576924 0.5643351706730769 0.7984609831730769 0.555366891826923 0.7928109447115385 0.5412112307692307 0.7866419423076922 0.5374116826923078 0.7888758701923078 0.5392421370192307 0.7930988918269232 0.5589940288461539 0.7999069735576924
0 0.5515300360576924 0.8097748774038462 0.5560161874999999 0.82281865625 0.5640578966346154 0.8198209230769231 0.5515300360576924 0.8097748774038462
0 0.5427503870192308 0.6048422163461539 0.5398698461538461 0.6113664086538462 0.539596110576923 0.6166463341346154 0.5514786995192308 0.6171221874999999 0.5506196850961539 0.6111744423076924 0.5427503870192308 0.6048422163461539
0 0.5373885144230769 0.7392858221153846 0.54972884375 0.7499468149038461 0.5526431586538462 0.7447726346153847 0.5407454471153846 0.735581766826923 0.5313158966346154 0.7358266057692308 0.5379737932692308 0.7505134951923077 0.5424034879807692 0.7491347451923077 0.5373885144230769 0.7392858221153846
0 0.790807733173077 0.6693448076923076 0.7991720769230769 0.6711321730769231 0.8004848052884616 0.6668275384615385 0.7981441826923077 0.6584343701923078 0.7894234326923077 0.6505119014423077 0.7869855072115384 0.6585062187499999 0.7858003221153846 0.6638533894230769 0.790807733173077 0.6693448076923076
0 0.5438966778846154 0.7763751923076924 0.5409183485576923 0.7627693365384616 0.5364211009615384 0.7614480673076923 0.5375614158653846 0.7664733942307692 0.5438966778846154 0.7763751923076924
0 0.5307613485576923 0.778546483173077 0.5302663004807692 0.7830913485576924 0.5444743918269231 0.7832453605769231 0.5307613485576923 0.778546483173077
0 0.6540164807692308 0.7454087548076923 0.6560420288461538 0.7533743341346154 0.654830625 0.7617289975961538 0.6605806057692308 0.7604031201923077 0.6593576225961539 0.7439627620192308 0.6540164807692308 0.7454087548076923
0 0.5597587908653846 0.7696446634615385 0.5572981850961539 0.7645664639423077 0.5522196875 0.7724550408653846 0.5584198461538462 0.7769567908653846 0.5666153125 0.7719941033653845 0.5597587908653846 0.7696446634615385
0 0.4792051225961539 0.6846693461538462 0.47229617067307694 0.6883348966346153 0.4784963293269231 0.6928366514423078 0.4792051225961539 0.6846693461538462
0 0.5499043052884616 0.6880193076923077 0.5557218389423076 0.6893934519230769 0.5605528149038462 0.6837773125000001 0.5493603605769231 0.6824991490384615 0.5499043052884616 0.6880193076923077
0 0.6596807451923077 0.785265389423077 0.6656182620192308 0.7833245649038462 0.6571712451923077 0.7701221682692307 0.6596807451923077 0.785265389423077
0 0.6713621466346154 0.8871937764423077 0.6599146129807691 0.8838305432692307 0.6492323245192307 0.88672253125 0.6594195673076922 0.8883754086538461 0.6680727668269231 0.8935978557692308 0.6713621466346154 0.8871937764423077
0 0.6575416754807691 0.9836399639423077 0.67423659375 0.9858646778846154 0.6738201923076923 0.9813870576923077 0.660140920673077 0.9780381923076923 0.6575416754807691 0.9836399639423077
0 0.2744853653846154 0.6694165288461539 0.2699619038461539 0.6711027548076923 0.27808628365384613 0.6795200576923077 0.2786337644230769 0.6689601995192308 0.2744853653846154 0.6694165288461539
0 0.5565178173076923 0.7495962307692309 0.5514730913461539 0.7588348173076922 0.554087451923077 0.7619480552884615 0.5616789879807692 0.7531226923076922 0.5565178173076923 0.7495962307692309
0 0.5637080697115384 0.7450082548076923 0.5695331658653846 0.7507399086538461 0.5760408365384616 0.7513117427884615 0.5707183485576923 0.745392735576923 0.5637080697115384 0.7450082548076923
0 0.6352627307692308 0.7703859807692308 0.6265570985576924 0.7711785240384615 0.6207133485576922 0.7728118774038462 0.6262495817307693 0.7751084423076923 0.6388823052884616 0.7731245072115385 0.6352627307692308 0.7703859807692308
0 0.642685875 0.7913280961538462 0.6400301826923077 0.7825073389423077 0.6335900576923077 0.7846355216346154 0.642685875 0.7913280961538462
0 0.36744995913461537 0.7151553197115385 0.36175240625 0.7104662067307692 0.35653880528846155 0.7129547355769231 0.36017350000000004 0.7244082740384615 0.36744995913461537 0.7151553197115385
0 0.4055623653846154 0.7420986057692307 0.3969504951923077 0.7425836730769231 0.4008589278846154 0.74875728125 0.4055623653846154 0.7420986057692307
0 0.4879855 0.38271405528846153 0.4980487355769231 0.36724438221153843 0.49828113701923077 0.35625693750000004 0.4896354951923077 0.35539199759615386 0.48851785817307697 0.3634391875 0.4793585144230769 0.3744841105769231 0.4879855 0.38271405528846153
0 0.7866582403846153 0.8684688149038462 0.7884624783653845 0.8756993317307693 0.7965566201923077 0.866686608173077 0.7990883124999999 0.8583848125 0.7866582403846153 0.8684688149038462
0 0.5932226274038461 0.9798193004807693 0.6067592403846154 0.9734106177884615 0.6039835625 0.967904826923077 0.5923560552884616 0.9695140456730769 0.5888453653846154 0.9751830600961539 0.5932226274038461 0.9798193004807693
0 0.2916264302884616 0.657031360576923 0.29684759374999997 0.6589003341346154 0.2962023269230769 0.6493301466346153 0.2916264302884616 0.657031360576923
0 0.09442651442307692 0.8815183846153847 0.08893917067307691 0.8892868389423078 0.10328236538461538 0.8948408942307692 0.09442651442307692 0.8815183846153847
0 0.0888418701923077 0.905674329326923 0.10470398317307693 0.8989438004807693 0.09082961778846153 0.8918523774038462 0.0888418701923077 0.905674329326923
0 0.08886052644230769 0.898309326923077 0.08743135096153846 0.8898489134615384 0.08094233413461538 0.8819120745192308 0.07198917548076923 0.8849770504807692 0.07700414903846155 0.8948259759615385 0.08337318509615385 0.9060777836538462 0.08886052644230769 0.898309326923077
0 0.06392527403846154 0.9114197980769231 0.06962282692307692 0.9161089086538462 0.07401118509615384 0.9090226442307692 0.06991522115384616 0.9034639807692308 0.06392527403846154 0.9114197980769231
0 0.8962860432692307 0.7894496947115385 0.9001944759615385 0.7956233052884615 0.8972277283653847 0.8068124759615384 0.9030162355769231 0.7878310937499999 0.9017809423076923 0.7860387451923077 0.8962860432692307 0.7894496947115385