3 0.3034592091346154 0.3274321802884615 0.2177320144230769 0.44670021634615387 0.21802014423076924 0.4499793028846154 0.22247951442307692 0.4512351466346154 0.30373285576923076 0.33857239423076924 0.3034592091346154 0.3274321802884615
3 0.1673873125 0.2824133701923077 0.16799617548076923 0.27128399759615385 0.1770843317307692 0.26167825 0.20759821394230768 0.19894445192307691 0.20269577884615383 0.1986658293269231 0.14172207451923077 0.3214044639423077 0.14642275961538462 0.32473778365384615 0.1673873125 0.2824133701923077
3 0.12946550721153846 0.18793913461538464 0.17789185336538463 0.19595890144230768 0.22485579807692307 0.19937493028846154 0.2995629543269231 0.20684422836538463 0.3040368076923077 0.20023894471153847 0.17967136057692307 0.18811946394230766 0.13153677403846153 0.18141350240384616 0.12946550721153846 0.18793913461538464
3 0.5761615841346154 0.7528924879807692 0.57768890625 0.748871423076923 0.5749009302884616 0.7452340552884615 0.5391501971153846 0.74970796875 0.39360113701923083 0.7125431682692308 0.39026922355769234 0.7114103677884616 0.3883456490384616 0.7176102620192307 0.4205914230769231 0.7260862668269231 0.4530821370192308 0.7346744639423076 0.503608454326923 0.7471966201923077 0.51982859375 0.7518725576923077 0.5366863052884615 0.7564471442307692 0.5761615841346154 0.7528924879807692
3 0.47359367067307695 0.24643360576923076 0.43395285817307694 0.2333901298076923 0.43128722115384616 0.24318400721153846 0.46798874278846153 0.25488113701923076 0.4745912716346154 0.26380625721153844 0.5258084158653846 0.35374895432692305 0.5338050721153846 0.3511176153846154 0.4789715 0.25479775240384617 0.47359367067307695 0.24643360576923076
3 0.45564323557692304 0.010046177884615386 0.4692336826923077 0.03161344230769231 0.49251002163461544 0.06509172115384615 0.5011116490384615 0.08004657692307693 0.5134559326923077 0.08609427884615384 0.50319015625 0.06959037980769231 0.4830007956730769 0.03713270913461539 0.46173711298076925 0.005372798076923077 0.4524517331730769 0.005264752403846154 0.45564323557692304 0.010046177884615386
3 0.811206639423077 0.5678742740384616 0.8080043076923077 0.5762421442307692 0.8174706033653846 0.5742839831730769 0.8246496706730769 0.5630169975961539 0.8681922211538461 0.5074311634615385 0.8925210192307692 0.47530228846153844 0.8914512475961539 0.47048500480769234 0.8884147091346153 0.4687007283653846 0.8843911634615385 0.47039823076923076 0.811206639423077 0.5678742740384616
3 0.6655466466346154 0.45788182451923076 0.6851488725961539 0.4896771682692308 0.6910923701923076 0.48374505048076927 0.6789715649038462 0.4628509591346154 0.6232446153846154 0.37241609615384613 0.6175028629807693 0.37529351442307696 0.6157774158653846 0.38040399278846154 0.6655466466346154 0.45788182451923076
3 0.4163800336538461 0.05815085576923077 0.47437690624999995 0.08747011057692308 0.4786526346153846 0.08195423557692308 0.4185989855769231 0.05129948317307693 0.4163800336538461 0.05815085576923077
3 0.7324983100961538 0.12427155528846154 0.6615800889423077 0.1625972716346154 0.6688778701923077 0.16672680528846154 0.7331213942307693 0.13203133653846152 0.73509178125 0.12703305048076924 0.7324983100961538 0.12427155528846154
3 0.8766327740384615 0.13089088942307692 0.8731376899038461 0.16508829807692307 0.8748160576923076 0.18552649038461538 0.8787785673076923 0.1637382235576923 0.8821611875 0.13735706971153847 0.8825721298076924 0.13361141826923076 0.8766327740384615 0.13089088942307692
3 0.6088357788461539 0.42246402403846156 0.6161048557692308 0.4155655360576923 0.6321274014423076 0.36783032211538463 0.6327830817307691 0.35790256249999997 0.6293901274038463 0.33667899999999995 0.6259141466346154 0.3339066610576923 0.622474110576923 0.3382317716346154 0.626346076923077 0.3655755697115385 0.6088357788461539 0.42246402403846156
3 0.8837861875 0.4528120360576923 0.9463937355769231 0.4810961105769231 0.949592451923077 0.4746935216346154 0.8865454567307692 0.4454213822115385 0.8837861875 0.4528120360576923
3 0.7698887956730769 0.4006411995192308 0.7856658701923076 0.4062943557692308 0.7914112427884615 0.40145164903846153 0.77455715625 0.39491178125 0.7698887956730769 0.4006411995192308
3 0.9971811177884615 0.4961606538461538 0.9601764014423076 0.37175312019230766 0.9532567596153847 0.3752711706730769 0.990086798076923 0.5034701009615384 0.9971548725961538 0.5006718485576923 0.9971811177884615 0.4961606538461538
3 0.9371863341346154 0.5288059038461539 0.9569939302884615 0.5555812716346155 0.9641116923076923 0.5509738076923077 0.9214167692307692 0.4924719014423077 0.9191150528846154 0.49102421153846154 0.9140540649038461 0.4969671730769231 0.9371863341346154 0.5288059038461539
3 0.8082250697115385 0.11057152884615386 0.7948141033653846 0.15124182692307692 0.797259889423077 0.1543290625 0.8007503581730769 0.1492402764423077 0.8141108870192307 0.10933365384615384 0.8082250697115385 0.11057152884615386
3 0.8719344495192308 0.17948590865384617 0.8740057139423077 0.1729602764423077 0.8730944975961539 0.16192140384615383 0.8670824543269231 0.17844360817307692 0.8719344495192308 0.17948590865384617
3 0.6572191995192308 0.4005666177884616 0.6661198245192307 0.41290471634615383 0.6817924014423077 0.4220505024038462 0.6593408990384616 0.39327731009615385 0.6572191995192308 0.4005666177884616
3 0.46938472836538464 0.05607270432692308 0.48489875240384617 0.07144007692307693 0.4892717331730769 0.06636213701923077 0.4713083028846154 0.049872810096153845 0.46938472836538464 0.05607270432692308
3 0.5457427716346154 0.31173943028846157 0.5487469831730769 0.30446096875 0.5520106201923076 0.28943357451923074 0.5553138293269231 0.27953835336538463 0.5668695 0.26122814423076923 0.5710047836538462 0.25210744471153845 0.5677196802884615 0.25217625240384617 0.5400550793269231 0.31188789182692306 0.5457427716346154 0.31173943028846157
3 0.978843923076923 0.2190146033653846 0.9937744375 0.2317543653846154 0.9979529158653846 0.2258005576923077 0.9838580985576922 0.21187003125 0.978843923076923 0.2190146033653846
3 0.37472926201923074 0.044973492788461536 0.36776643028846157 0.04532465144230769 0.3622119375 0.053008509615384614 0.39316446875 0.0715136201923077 0.4082030985576923 0.07879547115384616 0.41765490625 0.08469843990384616 0.4442489399038462 0.10042036538461539 0.4486077019230769 0.07645327163461538 0.4162791610576923 0.05967820192307693 0.41845129807692305 0.05162522115384616 0.4494110673076923 0.06619977163461538 0.44140019471153846 0.049941956730769226 0.42362764663461544 0.03629378125 0.4077424567307692 0.03609854086538462 0.39568268509615384 0.03529520673076923 0.3898904951923077 0.03893630048076923 0.37472926201923074 0.044973492788461536
3 0.6558492019230768 0.15957884375 0.6509431442307693 0.16126550240384616 0.6506909639423076 0.16508387259615384 0.640259389423077 0.15873212499999997 0.62624009375 0.15703122596153846 0.6136363846153846 0.15873245913461537 0.5984751514423077 0.16476965384615383 0.5836488629807692 0.17528753846153847 0.5868799110576923 0.17794768990384616 0.5848122668269231 0.18250803846153846 0.5874561778846153 0.18450586298076924 0.5874489326923077 0.18843642548076925 0.5898442788461539 0.19228733653846156 0.5942964038461539 0.19747374278846155 0.5978696418269231 0.2006840216346154 0.5981973461538461 0.20909528125000001 0.5965691514423077 0.21464369471153846 0.6051493149038462 0.21463997115384614 0.6139708004807692 0.21671371875 0.6251876298076924 0.2226383798076923 0.6373806057692307 0.2309771033653846 0.6478626153846154 0.23656517788461537 0.65349625 0.23914567067307693 0.6598574615384615 0.24599331490384616 0.6655164471153847 0.23481682932692308 0.6641694086538461 0.22082461538461537 0.6626783004807693 0.2051928557692308 0.6720618341346154 0.19493562740384615 0.666691247596154 0.1826409158653846 0.6715504879807692 0.17975264903846153 0.6725951754807693 0.17157662740384616 0.669367752403846 0.16695119471153846 0.6584931129807692 0.1615766658653846 0.6558492019230768 0.15957884375
3 0.4500806995192308 0.10191144230769231 0.4681018125 0.11370652884615384 0.4720607019230769 0.09388354567307691 0.4500806995192308 0.10191144230769231
3 0.4532633293269231 0.2638716730769231 0.45477616826923073 0.26771173557692307 0.47044874759615385 0.2768575216346154 0.47439314663461535 0.26489567067307696 0.4682336826923077 0.2549933293269231 0.43113953125000004 0.2435097451923077 0.4337079182692308 0.2332779375 0.44679064423076925 0.23769694471153846 0.42088462019230766 0.22110999759615385 0.38826794471153847 0.20105584134615384 0.3895717908653846 0.21188116586538464 0.39083606490384615 0.21757431490384616 0.3977880336538462 0.22311900480769228 0.40249234375 0.22448704086538462 0.40728303846153846 0.2321888629807692 0.40894356730769227 0.23570318509615384 0.41893207211538463 0.2430321514423077 0.428228951923077 0.25319142307692305 0.44670037259615386 0.26007872355769235 0.4532633293269231 0.2638716730769231
3 0.6263067764423076 0.3336931153846154 0.6301753870192308 0.3362519134615385 0.6324013173076923 0.3522202572115385 0.6370588100961538 0.3523866875 0.6471484591346154 0.33143802403846157 0.6500339543269231 0.30876304326923076 0.6508844014423077 0.2729608677884615 0.6398618076923076 0.29466235817307695 0.6323296826923077 0.31127506250000003 0.6259826875 0.3233165697115385 0.6196897572115384 0.33262912259615385 0.6078568173076924 0.3417643966346154 0.612942889423077 0.3488147403846154 0.6244010408653846 0.35681687500000003 0.6223264206730769 0.3385575096153846 0.6263067764423076 0.3336931153846154
3 0.5739022091346154 0.11653548798076924 0.568117264423077 0.11624601923076924 0.5654588653846153 0.12210932451923077 0.5663232716346154 0.13194658173076923 0.5749898221153846 0.13827663942307694 0.5780659326923077 0.14519309134615385 0.5713335552884615 0.15351757692307694 0.5693631634615385 0.15851586057692307 0.5708183245192308 0.16705016346153848 0.5834543605769231 0.17441166826923077 0.5986228389423076 0.16444391346153847 0.614472079326923 0.15754169951923075 0.6245759471153847 0.15548218749999998 0.6211108293269232 0.14681399759615385 0.6131395264423077 0.1356883533653846 0.6002189735576923 0.12308247836538462 0.5846508894230769 0.1104440625 0.5764814615384615 0.10040783173076923 0.5717303389423077 0.09783818749999999 0.5686397403846154 0.09878286298076923 0.5709342163461538 0.1041611201923077 0.5735313076923076 0.10495733653846154 0.5739022091346154 0.11653548798076924
3 0.9830335336538462 0.18041466346153845 0.9649330096153845 0.1851055096153846 0.9594576634615385 0.20305371394230767 0.9606174447115384 0.2122394951923077 0.9546630793269231 0.22406745673076925 0.9588775072115384 0.22521110336538464 0.9614422764423077 0.2169445793269231 0.9748529711538462 0.2030245625 0.9770719278846154 0.1961731923076923 0.9854756947115385 0.1854671826923077 0.9830335336538462 0.18041466346153845
4 0.36581190865384616 0.6270374447115384 0.3709556610576923 0.6293935456730769 0.3727819831730769 0.6227557163461538 0.3605639278846154 0.6014236899038461 0.35697982692307695 0.6041092596153846 0.35515712499999996 0.6087818076923077 0.36581190865384616 0.6270374447115384
3 0.5369022716346155 0.7722816033653845 0.539985625 0.7752674903846154 0.54773371875 0.7744892403846154 0.5521571346153846 0.768647625 0.5539366418269231 0.7608081899038462 0.5527191826923077 0.7563166466346154 0.5426189350961539 0.7564108798076923 0.53872859375 0.7656437740384615 0.5369022716346155 0.7722816033653845
4 0.39968455048076923 0.7637164423076922 0.39270749759615386 0.745178451923077 0.3870092067307693 0.7244724807692309 0.38816200721153843 0.7108385432692308 0.39141478125 0.7017069951923076 0.3981616490384615 0.6855213798076923 0.3701191658653846 0.7108351538461538 0.36402435576923076 0.7190582908653845 0.35978819951923074 0.7297063389423077 0.3643554206730769 0.7522545504807692 0.37097941826923075 0.7761382596153846 0.3798259831730769 0.7912053149038462 0.38485800000000003 0.8009846081730768 0.3913777668269231 0.8016106706730769 0.4106779038461538 0.7844874927884615 0.39968455048076923 0.7637164423076922