3 0.7441803725961538 0.9611766634615384 0.7473702235576922 0.965982108173077 0.7785868509615385 0.9647101274038461 0.7487095168269231 0.9550176610576924 0.7441803725961538 0.9611766634615384
3 0.6380182235576922 0.7867883221153846 0.6266925120192308 0.7924449879807691 0.6283878533653847 0.7991296394230769 0.6283669471153845 0.8058842235576923 0.6296289495192308 0.8175219495192307 0.6399739471153846 0.8230748774038462 0.6484886634615384 0.8300011778846154 0.653021608173077 0.8368299663461538 0.670874 0.8477916874999999 0.6867098461538461 0.8492244951923078 0.7075785000000001 0.8452570576923077 0.7241441826923077 0.83834784375 0.7240928653846154 0.8193875360576922 0.7131738822115385 0.8073640240384615 0.707109048076923 0.8050135576923078 0.6905623750000001 0.7986742932692308 0.6773778701923077 0.7864833365384616 0.6521150192307693 0.7885517524038461 0.6380182235576922 0.7867883221153846
3 0.7546527067307692 0.7763211370192308 0.7416297524038461 0.7687992548076923 0.7332518822115385 0.7603088245192308 0.7221732500000001 0.7501101298076923 0.703110173076923 0.7464709903846154 0.6939796634615385 0.7465832716346154 0.6835909519230768 0.7480456153846154 0.6712351105769231 0.7524454591346154 0.6599778221153846 0.7573200600961538 0.6578757524038461 0.7683155865384615 0.6683823028846153 0.7785375913461539 0.6785904567307692 0.7856546490384615 0.6911344567307692 0.7986509807692308 0.7076811322115385 0.8049902475961539 0.72395221875 0.807963875 0.7342725096153846 0.8072835961538462 0.7421676274038462 0.8082606923076923 0.7561940985576924 0.8043122908653846 0.7544759495192307 0.7978883269230769 0.7612706153846154 0.7918967692307692 0.7651592548076922 0.7865431418269231 0.7546527067307692 0.7763211370192308
3 0.693850423076923 0.85231040625 0.7129591153846154 0.8554281682692307 0.7302356225961538 0.8534254110576923 0.7359317403846154 0.8469590985576924 0.7456533389423078 0.8335750312500001 0.7422873653846154 0.8264389350961537 0.735374860576923 0.8207461418269231 0.7241156730769231 0.8191268461538462 0.7241441826923077 0.83834784375 0.7074872716346154 0.8462998100961538 0.693850423076923 0.85231040625
3 0.8333548990384615 0.8736409591346154 0.8479515504807692 0.8631753533653845 0.8317013701923077 0.8534471418269232 0.8159586514423077 0.8574654735576923 0.8076777139423077 0.8674139759615385 0.8333548990384615 0.8736409591346154
3 0.5926640625 0.7904546754807692 0.5985635456730769 0.7751482740384615 0.5664128966346154 0.7777571057692308 0.5583372211538461 0.7853594158653846 0.5713145600961538 0.7934026730769231 0.5926640625 0.7904546754807692
3 0.43210847836538463 0.696989639423077 0.4430008485576923 0.6962860504807692 0.4564343317307692 0.6991155456730769 0.46574730048076923 0.6969177596153846 0.47341054326923077 0.6875139423076924 0.4748721081730769 0.6773237932692309 0.44828073076923075 0.6750304423076923 0.4364038461538462 0.6739558341346155 0.42301787740384617 0.6770988605769231 0.4160654615384616 0.6914091298076923 0.4261804879807692 0.6930750456730769 0.43210847836538463 0.696989639423077
4 0.49254774038461535 0.5534778509615385 0.4713369783653846 0.5613556153846153 0.4973353653846154 0.5704268557692308 0.5166930384615385 0.56418315625 0.5351821322115384 0.5613517139423077 0.5289557475961538 0.5543321682692308 0.5165048774038461 0.5467869783653846 0.49254774038461535 0.5534778509615385
3 0.7534154014423078 0.3799794831730769 0.7595030432692307 0.3820692596153846 0.7769620072115385 0.3779809951923077 0.7662273846153845 0.37036587259615383 0.7661342548076924 0.36491473317307693 0.7486258725961539 0.35653658173076924 0.7221979471153847 0.3654062043269231 0.7115583557692309 0.36973611778846155 0.7107848100961539 0.3850934110576923 0.7073580192307692 0.40471496153846154 0.7122349735576923 0.41412731971153843 0.7198564014423077 0.4182326706730769 0.7225153509615385 0.43345010096153846 0.7275044423076923 0.435065125 0.7338657692307693 0.4340266442307692 0.735213298076923 0.4251399326923077 0.7440891298076924 0.41490743269230773 0.752850920673077 0.4059783725961538 0.753145514423077 0.39609553125 0.7602404783653847 0.3997028173076923 0.7540121899038461 0.38618937980769236 0.7534154014423078 0.3799794831730769
3 0.59035671875 0.4128592644230769 0.5975410072115385 0.4089299014423077 0.6019105024038461 0.4045957163461538 0.59616496875 0.3985956153846154 0.5965755 0.3939032259615385 0.5899138749999999 0.3853428653846154 0.5816063269230769 0.38256426442307695 0.5719284423076924 0.3889330625 0.5701912884615384 0.39575757932692307 0.5623208798076923 0.4010136923076923 0.5602872307692308 0.4112271538461538 0.5604050697115385 0.4229115024038462 0.5677984278846154 0.4296237355769231 0.5891498341346154 0.4331696346153846 0.6126071105769231 0.43870779567307694 0.6034309855769231 0.43934145432692306 0.5826972764423076 0.4352508677884615 0.5865669110576923 0.4431457163461538 0.6029995480769231 0.45078842548076925 0.62627246875 0.4519181947115385 0.6385617860576923 0.45479431009615384 0.6396812451923076 0.4485144831730769 0.6381930697115384 0.44597753125 0.6402970408653845 0.4414759014423077 0.6327193245192307 0.4303552788461538 0.6224674567307692 0.4302534903846154 0.6059892019230769 0.4231321610576923 0.5932190288461539 0.4192366057692307 0.59035671875 0.4128592644230769
3 0.8415122812500001 0.20702701201923077 0.8427229663461537 0.1997044326923077 0.8397466177884615 0.19463053125000002 0.8240932259615386 0.19111221634615383 0.8050301490384615 0.1874730769230769 0.7873184038461538 0.18793501682692307 0.7865619615384615 0.1835499375 0.7824414471153845 0.17852265865384617 0.7805180360576922 0.17444488701923078 0.7662843966346155 0.17424558653846153 0.7584596033653846 0.17898032451923077 0.7425116177884615 0.18534485096153847 0.7420554735576924 0.19055861298076923 0.7447809423076923 0.19850008653846155 0.752105877403846 0.2059943846153846 0.7641652211538462 0.20498348557692306 0.7648988557692308 0.20962925240384617 0.7817876394230769 0.21205819471153847 0.7956544615384615 0.20993461057692306 0.81437353125 0.21099018028846156 0.8254730673076923 0.21443429326923077 0.8414913725961538 0.21378159615384615 0.8354968629807692 0.21714295913461537 0.827694875 0.22161700961538464 0.8349494903846153 0.22339947836538462 0.852178483173077 0.21542419951923078 0.8604157067307692 0.21249097115384613 0.8597276875000001 0.20732382692307694 0.8446026658653847 0.21079747355769232 0.8415122812500001 0.20702701201923077
4 0.6828269038461539 0.6394975288461539 0.6577541105769231 0.6654560216346154 0.7125998942307692 0.6445185865384615 0.732138125 0.629695483173077 0.7468488124999999 0.6179264375 0.6970567403846153 0.6267090408653846 0.6828269038461539 0.6394975288461539
4 0.6227810625000001 0.641684451923077 0.6066411153846154 0.6176650096153846 0.5921565961538462 0.6203332788461539 0.5785216514423077 0.6328377692307693 0.5952754927884615 0.6433247331730769 0.6227810625000001 0.641684451923077
4 0.7983932524038462 0.8888327596153847 0.7979333052884615 0.881058733173077 0.7923702331730769 0.8729731249999999 0.7830800697115384 0.8749102235576923 0.7758520673076923 0.8858548557692308 0.776722545673077 0.8889364951923077 0.7636349735576923 0.8951844663461539 0.75970071875 0.9010594735576922 0.7618312980769232 0.9092849447115385 0.7548085600961538 0.9178833822115385 0.7627055793269231 0.9253543701923077 0.7749245721153847 0.9225186538461538 0.7783988798076924 0.908869625 0.7893368677884616 0.9076446586538461 0.7987866802884616 0.9038827427884615 0.8086945360576923 0.9014009591346154 0.8183952307692308 0.8947714711538463 0.8092400120192308 0.8886505456730769 0.7983932524038462 0.8888327596153847