3 0.7947711057692307 0.6472991874999999 0.7787328725961539 0.6318616875 0.7688517235576923 0.6242342908653846 0.7672073557692307 0.6156647235576924 0.7502686514423077 0.6190618822115385 0.725999579326923 0.6284061706730769 0.7457991586538462 0.6375749879807693 0.7663098533653846 0.6464191947115385 0.7835482067307692 0.6519886874999999 0.7947711057692307 0.6472991874999999
4 0.6056307716346153 0.5983863798076923 0.5776719326923077 0.5899075985576923 0.5770651682692308 0.5938692980769231 0.6056576033653847 0.6022756033653847 0.6056307716346153 0.5983863798076923
4 0.5626429423076923 0.6288467620192308 0.5547058052884615 0.6387555865384615 0.5680516274038461 0.6430674519230769 0.5748766105769231 0.6327993052884615 0.5626429423076923 0.6288467620192308
4 0.7509752716346154 0.6525520889423077 0.7432572908653847 0.6597598942307693 0.7521545024038462 0.6626344711538461 0.7583727211538461 0.6563280216346155 0.7509752716346154 0.6525520889423077
4 0.38183924759615384 0.6164436802884615 0.39549813221153846 0.6316668100961539 0.40643776923076924 0.6318750817307692 0.38880883413461537 0.6156464567307692 0.38438408653846157 0.6061785841346153 0.3738320600961539 0.6047096370192308 0.38183924759615384 0.6164436802884615
4 0.40837881249999997 0.6374914903846154 0.3927475552884615 0.6465775408653845 0.4047486538461538 0.6512864903846154 0.4160997692307692 0.6422034951923077 0.40837881249999997 0.6374914903846154
4 0.3782836370192308 0.6180667331730769 0.3439619855769231 0.6064234783653846 0.34233400480769227 0.6117183317307693 0.37514247596153844 0.6223183317307692 0.3782836370192308 0.6180667331730769
4 0.2605594399038461 0.7186228028846154 0.2471659014423077 0.7303721081730769 0.25907606250000004 0.7333885817307693 0.27112488221153846 0.7220363629807692 0.2605594399038461 0.7186228028846154
4 0.15927908894230772 0.6980964375 0.16175234855769233 0.7119230961538462 0.17317053846153846 0.7125631610576922 0.1688098966346154 0.7008985384615385 0.15927908894230772 0.6980964375
4 0.32702039423076923 0.4945117740384615 0.2964496394230769 0.48657502884615383 0.2959338100961538 0.4922292043269231 0.3291164831730769 0.4996239158653846 0.32702039423076923 0.4945117740384615
4 0.8955699350961539 0.6554739471153846 0.9191174399038461 0.65642946875 0.9157541538461539 0.6514622764423077 0.8876029927884616 0.6495737403846154 0.8955699350961539 0.6554739471153846