3 0.5174632355769231 0.34558823557692303 0.5621936274038462 0.3210784302884615 0.5670955889423077 0.3161764711538462 0.56648284375 0.3075980384615385 0.5588235288461538 0.2973856201923077 0.5514705889423077 0.28921568509615386 0.5502450985576923 0.2818627451923077 0.5474877451923077 0.2867647067307692 0.506127451923077 0.3239379086538462 0.5055147067307693 0.3312908485576923 0.5098039206730769 0.34232026201923077 0.5174632355769231 0.34558823557692303
3 0.65625 0.5167483653846154 0.6636029423076923 0.5220588245192308 0.66789215625 0.5220588245192308 0.6773897067307693 0.49591503365384615 0.6544117644230769 0.4244281057692308 0.6455269615384616 0.4350490192307692 0.6397058822115385 0.41911764663461537 0.6271446081730769 0.4129901971153846 0.6225490192307692 0.41830065384615384 0.6259191177884615 0.4260620913461538 0.6265318629807692 0.43464052403846154 0.6197916658653846 0.42565359375 0.6124387259615385 0.42238562019230774 0.6084558822115385 0.44403594711538463 0.6130514711538462 0.4632352932692308 0.6329656850961538 0.5294117644230769 0.6421568629807692 0.5224673197115385 0.65625 0.5167483653846154
0 0.5327818629807692 0.4174836610576923 0.5199142163461539 0.4248366009615384 0.5220588245192308 0.43218954326923076 0.5327818629807692 0.4174836610576923
0 0.53523284375 0.47058823557692303 0.5321691177884615 0.4787581706730769 0.5493259807692308 0.47834967307692305 0.5496323533653846 0.4505718942307692 0.53523284375 0.47058823557692303
0 0.7631740192307692 0.5142973846153847 0.7708333341346154 0.5028594759615385 0.7745098028846154 0.48488562019230774 0.7699142163461539 0.48080065384615384 0.7662377451923077 0.4754901971153846 0.7625612740384615 0.4632352932692308 0.7604166658653846 0.45669934615384616 0.7444852932692307 0.46119281009615387 0.7365196081730769 0.4575163389423077 0.7325367644230769 0.4730392163461538 0.7325367644230769 0.4897875817307692 0.7374387259615385 0.5081699350961538 0.7447916658653846 0.5077614375 0.7542892163461539 0.5093954254807692 0.7631740192307692 0.5142973846153847
0 0.8918504903846153 0.5747549014423077 0.8979779423076923 0.5747549014423077 0.9053308822115385 0.5612745096153846 0.900428920673077 0.5526960793269231 0.8949142163461539 0.5535130721153846 0.8860294110576923 0.5453431370192308 0.87101715625 0.5580065360576923 0.8746936274038462 0.5633169927884615 0.8786764711538461 0.5665849663461539 0.8860294110576923 0.5755718942307693 0.8918504903846153 0.5747549014423077
0 0.7319240192307692 0.3774509807692308 0.7352941177884615 0.3848039206730769 0.7435661754807692 0.38562091586538466 0.7411151971153846 0.3729575168269231 0.7319240192307692 0.3774509807692308
0 0.6329656850961538 0.38112745192307695 0.6400122548076923 0.37785947596153846 0.640625 0.37009803846153844 0.6323529423076923 0.3725490192307692 0.6329656850961538 0.38112745192307695
0 0.609375 0.2949346394230769 0.6124387259615385 0.2875816995192308 0.6096813725961538 0.2720588245192308 0.6044730384615384 0.2561274519230769 0.5971200985576923 0.2638888894230769 0.6001838245192308 0.2818627451923077 0.599877451923077 0.28594771153846155 0.59773284375 0.2986111105769231 0.609375 0.2949346394230769
0 0.5753676466346154 0.3860294110576923 0.5802696081730769 0.37459150240384614 0.5646446081730769 0.37459150240384614 0.5753676466346154 0.3860294110576923
0 0.59773284375 0.44403594711538463 0.5787377451923077 0.45343137259615385 0.5833333341346154 0.45792483653846155 0.5965073533653846 0.45220588221153846 0.59773284375 0.44403594711538463
0 0.6813725480769232 0.46078431490384614 0.6703431370192308 0.451388889423077 0.6639093149038462 0.451388889423077 0.6681985288461539 0.47099673317307694 0.6740196081730769 0.47099673317307694 0.6813725480769232 0.46078431490384614
0 0.54289215625 0.51960784375 0.5493259807692308 0.5420751634615384 0.5545343149038462 0.5367647067307693 0.5566789206730769 0.5294117644230769 0.5536151971153846 0.5159313725961538 0.54289215625 0.51960784375
0 0.4868259807692308 0.6401143798076923 0.49080882451923075 0.6433823533653846 0.5070465697115385 0.6409313725961538 0.515625 0.6303104567307692 0.4944852932692308 0.6237745096153847 0.48406862740384615 0.6209150336538461 0.46384803846153844 0.6327614375 0.4699754903846154 0.6437908485576924 0.4868259807692308 0.6401143798076923
0 0.36151960817307693 0.6303104567307692 0.34987745192307695 0.6372549014423078 0.35416666586538464 0.6491013076923077 0.35876225480769236 0.6437908485576924 0.3648897067307692 0.6429738557692308 0.36151960817307693 0.6303104567307692
0 0.634803920673077 0.6397058822115385 0.6390931370192308 0.6041666658653846 0.6384803918269231 0.5772058822115385 0.62898284375 0.5816993461538462 0.6194852932692307 0.5894607836538461 0.6256127451923077 0.6008986923076923 0.6280637259615385 0.6139705889423077 0.630821079326923 0.6372549014423078 0.634803920673077 0.6397058822115385
0 0.6976102932692307 0.5776143798076923 0.7015931370192308 0.5620915024038461 0.6985294110576923 0.5412581706730769 0.6871936274038462 0.5330882355769231 0.6709558822115385 0.5404411754807692 0.6636029423076923 0.544934639423077 0.6574754903846153 0.5445261442307692 0.6559436274038462 0.55065359375 0.6495098028846154 0.55065359375 0.6565563725961538 0.5547385625 0.6574754903846153 0.5596405240384615 0.6498161754807692 0.5612745096153846 0.6568627451923077 0.5714869278846154 0.66023284375 0.5702614375 0.6697303918269231 0.580065360576923 0.6792279423076923 0.5837418293269231 0.6899509807692308 0.5825163389423077 0.6976102932692307 0.5776143798076923
0 0.6173406850961538 0.6866830072115384 0.6204044110576923 0.6805555552884616 0.6112132355769231 0.6744281057692307 0.6001838245192308 0.6752450985576922 0.6001838245192308 0.6883169927884616 0.6047794110576923 0.6919934639423077 0.6099877451923077 0.6850490192307692 0.6173406850961538 0.6866830072115384
0 0.6228553918269231 0.5379901971153846 0.6200980384615384 0.5281862740384615 0.6148897067307693 0.5285947716346153 0.6115196081730769 0.5253267980769231 0.6066176466346154 0.5130718942307693 0.5912990192307692 0.5220588245192308 0.5808823533653846 0.5290032668269231 0.599877451923077 0.5367647067307693 0.6087622548076923 0.5339052283653847 0.6228553918269231 0.5379901971153846
0 0.6636029423076923 0.5910947716346153 0.6688112740384615 0.6123366009615384 0.6731004903846153 0.6123366009615384 0.6724877451923077 0.5927287572115385 0.6636029423076923 0.5910947716346153
0 0.7169117644230769 0.5612745096153846 0.7178308822115385 0.5551470576923078 0.712928920673077 0.5514705889423077 0.7117034302884615 0.5453431370192308 0.7080269615384616 0.5453431370192308 0.7086397067307693 0.5383986923076923 0.703125 0.5379901971153846 0.69914215625 0.54289215625 0.7025122548076923 0.5543300649038462 0.7015931370192308 0.5710784302884615 0.7049632355769231 0.58210784375 0.7150735288461539 0.5776143798076923 0.7208946081730769 0.5706699350961538 0.7169117644230769 0.5612745096153846
0 0.7233455889423077 0.6205065360576923 0.71875 0.6205065360576923 0.7113970576923077 0.6286764711538461 0.7215073533653846 0.6311274519230768 0.7276348028846154 0.6290849663461539 0.7233455889423077 0.6205065360576923
0 0.6924019615384616 0.6200980384615384 0.6853553918269231 0.625 0.6979166658653846 0.6372549014423078 0.6997549014423078 0.6319444447115384 0.7003676466346154 0.6184640528846154 0.6924019615384616 0.6200980384615384
0 0.69148284375 0.6311274519230768 0.6881127451923077 0.6282679735576924 0.6850490192307692 0.6311274519230768 0.6868872548076923 0.6458333341346154 0.6896446081730769 0.6556372548076923 0.6924019615384616 0.6511437908653845 0.69148284375 0.6311274519230768
0 0.7092524519230768 0.6613562091346155 0.7141544110576923 0.6548202620192308 0.7034313725961538 0.6470588245192308 0.7092524519230768 0.6613562091346155
0 0.5300245096153846 0.58210784375 0.525122548076923 0.5808823533653846 0.5183823533653846 0.5816993461538462 0.5220588245192308 0.5906862740384615 0.52726715625 0.5931372548076923 0.5300245096153846 0.58210784375
0 0.6492034302884615 0.6286764711538461 0.6427696081730769 0.6143790841346154 0.650428920673077 0.6217320264423076 0.6528799014423078 0.6180555552884616 0.6412377451923077 0.6078431370192308 0.6384803918269231 0.6164215697115385 0.6436887259615385 0.6299019615384616 0.6492034302884615 0.6286764711538461
0 0.5101102932692307 0.8353758173076924 0.5107230384615384 0.8272058822115385 0.5070465697115385 0.8210784302884615 0.5018382355769231 0.8206699350961538 0.49387254807692305 0.8206699350961538 0.4987745096153846 0.8308823533653846 0.5058210793269231 0.8353758173076924 0.5101102932692307 0.8353758173076924
0 0.6675857836538461 0.6221405240384615 0.6632965697115385 0.6196895432692308 0.6632965697115385 0.6241830072115384 0.6749387259615385 0.630718954326923 0.6675857836538461 0.6221405240384615
0 0.6810661754807692 0.6331699350961538 0.6847426466346154 0.6200980384615384 0.6804534302884615 0.619281045673077 0.6810661754807692 0.6331699350961538
0 0.6317401971153846 0.7283496730769231 0.6237745096153847 0.7271241826923076 0.6170343149038462 0.7230392163461539 0.6142769615384616 0.7275326802884615 0.62898284375 0.7332516346153847 0.6317401971153846 0.7283496730769231
0 0.6691176466346154 0.6372549014423078 0.6605392163461539 0.6397058822115385 0.6645220576923077 0.6433823533653846 0.6648284302884615 0.6503267980769232 0.6715686274038462 0.6441993461538461 0.6691176466346154 0.6372549014423078
0 0.6161151971153846 0.5473856201923077 0.6136642163461539 0.5404411754807692 0.6084558822115385 0.5457516346153846 0.6161151971153846 0.5473856201923077
0 0.587622548076923 0.609477125 0.5857843149038462 0.6200980384615384 0.5922181370192308 0.6172385625 0.5925245096153846 0.6115196081730769 0.587622548076923 0.609477125
0 0.6387867644230769 0.7328431370192308 0.6485906850961538 0.744281045673077 0.6519607836538461 0.7393790841346154 0.6387867644230769 0.7328431370192308
0 0.7475490192307692 0.7581699350961538 0.7420343149038462 0.7671568629807692 0.7420343149038462 0.7785947716346153 0.7487745096153847 0.77736928125 0.7463235288461539 0.7679738557692308 0.7475490192307692 0.7581699350961538
0 0.828125 0.7937091514423076 0.8275122548076923 0.8071895432692308 0.8314950985576922 0.8088235288461539 0.833946079326923 0.79289215625 0.828125 0.7937091514423076
0 0.6479779423076923 0.35743463942307696 0.6577818629807692 0.35988562019230774 0.65226715625 0.35008169951923074 0.6495098028846154 0.3537581706730769 0.6479779423076923 0.35743463942307696
0 0.6488970576923077 0.640522875 0.6590073533653846 0.6360294110576923 0.6568627451923077 0.6327614375 0.6470588245192308 0.634803920673077 0.6488970576923077 0.640522875
0 0.6393995096153847 0.6466503269230769 0.6433823533653846 0.6531862740384615 0.64460784375 0.6470588245192308 0.6409313725961538 0.6401143798076923 0.6393995096153847 0.6466503269230769
0 0.6510416658653846 0.7001633990384615 0.6479779423076923 0.705065360576923 0.6449142163461539 0.7128267980769232 0.646446079326923 0.7169117644230769 0.6516544110576923 0.7058823533653846 0.6510416658653846 0.7001633990384615
0 0.6583946081730769 0.715277778846154 0.6547181370192308 0.7205882355769231 0.662071079326923 0.7254901971153846 0.6583946081730769 0.715277778846154
0 0.6767769615384616 0.4477124182692308 0.6672794110576923 0.4411764711538462 0.6636029423076923 0.4452614375 0.6663602932692307 0.4517973846153846 0.6767769615384616 0.4477124182692308
0 0.6881127451923077 0.4918300649038461 0.68351715625 0.48651960817307693 0.6807598028846154 0.4942810456730769 0.6881127451923077 0.4918300649038461
0 0.3247549014423077 0.45915032692307695 0.31219362740384615 0.4644607836538462 0.30453431490384614 0.4632352932692308 0.3030024519230769 0.4714052283653846 0.31311274519230764 0.4742647067307692 0.32996323557692303 0.46936274519230764 0.3247549014423077 0.45915032692307695
0 0.6813725480769232 0.8876633990384615 0.6896446081730769 0.8876633990384615 0.7000612740384615 0.8827614375 0.6939338245192308 0.8790849663461539 0.6813725480769232 0.8876633990384615
0 0.833946079326923 0.7393790841346154 0.8382352932692307 0.7434640528846154 0.84773284375 0.7328431370192308 0.8446691177884615 0.7275326802884615 0.8385416658653846 0.7291666658653846 0.833946079326923 0.7393790841346154
0 0.6253063725961538 0.3680555552884615 0.6338848028846154 0.3713235288461538 0.6335784302884615 0.3660130721153846 0.6253063725961538 0.3680555552884615
0 0.9016544110576923 0.2598039206730769 0.900428920673077 0.24509803846153846 0.8918504903846153 0.24795751682692307 0.9016544110576923 0.2598039206730769
0 0.90226715625 0.24754901923076922 0.9050245096153847 0.2622549014423077 0.9154411754807692 0.24959150240384617 0.90226715625 0.24754901923076922
0 0.9172794110576923 0.24468954326923079 0.9087009807692308 0.2357026153846154 0.9010416658653846 0.22834967307692308 0.8958333341346154 0.2357026153846154 0.9013480384615384 0.24387254807692307 0.9087009807692308 0.24754901923076922 0.9172794110576923 0.24468954326923079
0 0.9185049014423078 0.2316176466346154 0.9224877451923077 0.2369281057692308 0.9301470576923077 0.2348856201923077 0.9273897067307693 0.22834967307692308 0.9185049014423078 0.2316176466346154
0 0.6060049014423077 0.9673202620192308 0.6078431370192308 0.9632352932692307 0.5968137259615385 0.9628267980769232 0.5922181370192308 0.9575163389423077 0.587622548076923 0.9616013076923077 0.5925245096153846 0.9677287572115384 0.6060049014423077 0.9673202620192308
4 0.728553920673077 0.0077614375 0.7294730384615384 0.01307189423076923 0.74601715625 0.018382353365384616 0.7475490192307692 0.01307189423076923 0.728553920673077 0.0077614375