3 0.5350330961538462 0.8584351177884616 0.5662821033653846 0.8451123629807692 0.5697357043269231 0.8390869447115384 0.5880787451923077 0.8275687980769231 0.58565559375 0.8195512307692308 0.5633773389423077 0.8264181971153846 0.5533417596153846 0.8252633677884614 0.5248233798076923 0.8390570024038462 0.5199136201923077 0.8470766850961537 0.5251233004807692 0.8541930072115385 0.5350330961538462 0.8584351177884616
4 0.2653151298076923 0.8417473317307693 0.27554637740384613 0.8380997163461538 0.27751964663461537 0.8234132812499999 0.27247390384615383 0.8235219326923077 0.2653049302884615 0.8307490144230769 0.2653151298076923 0.8417473317307693
3 0.29730937740384616 0.6301544423076924 0.2996739783653846 0.6058631250000001 0.29059518990384614 0.6037218197115385 0.28536775721153845 0.6082898798076923 0.2821162451923077 0.631852516826923 0.2869523461538461 0.6368893413461538 0.2895571875 0.6404475024038461 0.29245552163461536 0.636802 0.29730937740384616 0.6301544423076924
3 0.34816720673076923 0.6754837475961538 0.36040987740384617 0.6674619519230769 0.36531963461538464 0.6594422716346154 0.3715076370192308 0.6425463846153847 0.35924079567307693 0.6399128894230769 0.3481226322115385 0.6428318245192308 0.3492992668269231 0.6476981923076923 0.34836664903846154 0.6593399591346153 0.3419867596153846 0.6696969375 0.34816720673076923 0.6754837475961538
3 0.4393089423076923 0.09203197836538461 0.4435516274038462 0.08913646153846154 0.44237499278846154 0.08427009615384615 0.4426125865384615 0.07843856009615384 0.4298222043269231 0.06615757211538462 0.42248929086538467 0.06615968028846154 0.4172758389423077 0.07038470913461538 0.4170102932692308 0.07690231009615385 0.4311170697115384 0.0906193485576923 0.4393089423076923 0.09203197836538461
4 0.4358730913461538 0.08637301201923077 0.43753511298076925 0.09057462259615384 0.44399508413461536 0.08950079807692307 0.44053128365384614 0.08452789663461538 0.4358730913461538 0.08637301201923077
3 0.5255149278846154 0.13591467067307691 0.5333332235576923 0.13524780288461538 0.5430968317307692 0.1205805673076923 0.5495466057692308 0.10850842548076924 0.5539226274038461 0.07984292788461539 0.541502048076923 0.08098278365384615 0.5278515721153846 0.11230941826923077 0.5271285961538461 0.11880570673076923 0.5266953365384615 0.1294396875 0.5255149278846154 0.13591467067307691
4 0.5319114903846154 0.5750952716346154 0.5310767043269231 0.5843358173076922 0.53150240625 0.5963845384615385 0.5233804158653846 0.5932567475961539 0.5219344615384616 0.6062493341346153 0.5467616442307692 0.6043126538461538 0.5628975961538462 0.6019711298076923 0.5635506947115384 0.5971899975961539 0.5384832692307693 0.5712771971153846 0.5319114903846154 0.5750952716346154
3 0.9084962451923076 0.6572490985576922 0.9191010673076924 0.6556809783653846 0.9297897451923076 0.6520546730769231 0.9364910889423077 0.6338079663461538 0.9423474423076923 0.6138034879807692 0.9488429158653846 0.5893609038461538 0.9531452812500001 0.5737519110576923 0.9526776490384615 0.5627322884615384 0.9535162091346153 0.5421503942307692 0.9576788149038461 0.5299717163461538 0.97265696875 0.5223014807692308 0.9735107596153847 0.5013457980769231 0.9530281778846154 0.5091341322115385 0.9196177884615384 0.5192630673076923 0.8738249735576923 0.5408441129807693 0.8604336225961539 0.5433134807692308 0.8384628485576923 0.5426337524038461 0.8443562235576922 0.5779638942307692 0.8426904254807692 0.5851036346153846 0.85815175 0.6105689735576922 0.8673665216346154 0.6206213173076923 0.8768430625 0.63549740625 0.8970184807692309 0.6577455072115386 0.9084962451923076 0.6572490985576922
4 0.8140318942307693 0.47860183653846156 0.8191743389423076 0.5211143317307692 0.8768921514423076 0.48805986778846155 0.8140318942307693 0.47860183653846156
4 0.30027533653846156 0.7148385144230769 0.3032322283653846 0.7435018990384615 0.30836937980769236 0.7186523653846154 0.30027533653846156 0.7148385144230769