2 1 0.7649337764423076 0.9910969951923078 0.7465301153846154 0.9788616826923077 0.7034822524038462 0.9765680216346154 0.6688787860576924 0.9844700889423077 0.6384024038461539 0.8808495336538461 0.6687523485576924 0.864642545673077 0.6747976153846154 0.8577095120192308 0.6927495745192308 0.8581093725961538 0.7161745408653846 0.8674808509615384 0.7500741442307692 0.8852655432692308 0.7763452836538461 0.9047509855769231 0.7907974615384615 1 0.80928528125 1 0.7649337764423076
3 1 0.62600328125 0.9966206466346154 0.6263932211538462 0.9835315673076923 0.6372694375 0.9754069326923077 0.6688999206730769 0.9783525336538462 0.7016226923076924 0.9893627427884616 0.7405239302884615 1 0.7655072235576923 1 0.62600328125
3 0.4964459519230769 0.47219112500000004 0.4835449326923077 0.45359391826923073 0.46876786538461535 0.4432249567307692 0.3628083798076923 0.4647046009615385 0.34798504326923074 0.46957462980769227 0.3352780745192308 0.48446906009615387 0.3260061081730769 0.4935507211538462 0.31709950721153846 0.49773801923076927 0.2967730576923077 0.5041457836538462 0.2705141298076923 0.5128178822115385 0.24767445192307694 0.5172588124999999 0.24099449759615382 0.5203992860576924 0.23946904326923077 0.5358089567307692 0.24470332211538462 0.5506643100961539 0.25524965144230766 0.5619728221153847 0.2998634471153846 0.5541166538461538 0.3321188798076923 0.5473479855769231 0.3402780168269231 0.544036826923077 0.36669749038461535 0.5510312235576923 0.39168504567307694 0.5534514903846154 0.49229996875 0.52818771875 0.5000454855769231 0.5240215552884615 0.5053407908653846 0.5115621370192308 0.5042574759615385 0.49318107692307694 0.4964459519230769 0.47219112500000004
4 0.25608845673076924 0.3506360817307692 0.24807410817307693 0.37119533653846154 0.24543483653846154 0.38188133173076927 0.25583737740384616 0.3864359206730769 0.2646622139423077 0.35867410817307693 0.25608845673076924 0.3506360817307692
4 0.40580997355769227 0.39621270673076925 0.42827053125 0.41923609375000004 0.4271241995192308 0.4071814471153846 0.41081968990384615 0.3912338052884615 0.40580997355769227 0.39621270673076925
4 0.054243163461538464 0.4523519951923077 0.03114342307692308 0.39814516826923074 0.021711915865384616 0.40205451201923076 0.04524103125 0.4555347403846154 0.054243163461538464 0.4523519951923077
4 0.036594283653846156 0.3488813581730769 0.036719326923076924 0.32573435096153847 0.03312377644230769 0.31588062740384615 0.03274067067307693 0.3013682379807692 0.02369027403846154 0.29880161778846154 0.02410489182692308 0.31015080528846156 0.028193834134615386 0.32344568990384615 0.02997735096153846 0.3456954182692308 0.036594283653846156 0.3488813581730769
3 0.4779088052884616 0.39432524278846154 0.49658175961538464 0.394991625 0.5224753341346153 0.39121388701923077 0.5478114951923077 0.37982722115384615 0.5596764663461539 0.37529855528846157 0.5615682740384615 0.3654887043269231 0.5516581274038461 0.35388110096153846 0.5453740456730769 0.3384698341346154 0.49161611778846154 0.19425474519230768 0.48582543028846153 0.18228463942307693 0.46328709375 0.17766344951923077 0.4505948822115385 0.18048210096153847 0.44149721875000003 0.18266029326923078 0.43004587019230767 0.18804396394230768 0.4216169014423077 0.19725403365384614 0.45928111298076923 0.3679256923076923 0.4562439759615385 0.37617507932692307 0.46403875 0.38825245673076925 0.4779088052884616 0.39432524278846154
3 0.5602476370192307 0.36033752644230765 0.5469182427884616 0.3529610913461539 0.531123875 0.34936718509615383 0.5149799038461539 0.3490860360576923 0.4996474230769231 0.35209650480769233 0.48293128125 0.35628220673076927 0.46852156971153847 0.3620072427884615 0.4583425913461538 0.3667927307692308 0.45637101201923075 0.37401642307692307 0.4601733701923077 0.38429764663461535 0.46843002884615387 0.4029793990384615 0.47853122836538464 0.4165961081730769 0.4928789182692308 0.42769166586538465 0.5059059759615384 0.43363604086538465 0.5218431370192308 0.4334896899038462 0.5333585048076923 0.43227377884615387 0.5426787307692308 0.4289414855769231 0.5531117836538462 0.41983868990384615 0.5607607740384615 0.4041737980769231 0.5619681322115384 0.3889136706730769 0.5617918341346153 0.37482878365384614 0.5631272259615385 0.3679041826923077 0.5602476370192307 0.36033752644230765
3 0.49431163221153845 0.27327153125000003 0.48271250721153847 0.2299245769230769 0.47606306490384614 0.21940766586538463 0.47838723798076926 0.24035375 0.4873135865384616 0.27656155288461537 0.5400956947115385 0.529330264423077 0.5459326514423076 0.5260613774038462 0.49431163221153845 0.27327153125000003
4 0.5050274807692308 0.3946941298076923 0.5052362836538461 0.4161099879807692 0.5126164447115384 0.4168381826923077 0.5119625072115385 0.39773052403846154 0.5050274807692308 0.3946941298076923
4 0.5304809086538461 0.44569547836538465 0.5366231947115385 0.4753411826923077 0.5443214471153847 0.47591982692307694 0.5393254903846154 0.45832876923076926 0.5368270144230769 0.44428615144230765 0.5304809086538461 0.44569547836538465
4 0.6810344495192309 0.37596456250000004 0.6774073894230769 0.3692740504807693 0.6580352235576924 0.37523317548076923 0.6612486634615385 0.3810686802884616 0.6810344495192309 0.37596456250000004