3 0.7437423653846154 0.0829119735576923 0.7462221322115384 0.039107843749999996 0.7265654567307693 0.03807768269230769 0.724797673076923 0.08316339182692307 0.7437423653846154 0.0829119735576923
4 0.69964121875 0.044521454326923074 0.7015602019230769 0.03676721153846153 0.6520666923076923 0.034173367788461535 0.6559579423076923 0.04382329086538461 0.6706039663461538 0.057377305288461536 0.6913718413461538 0.05476622836538462 0.69964121875 0.044521454326923074
3 0.6015555769230769 0.11308890865384616 0.6064699591346154 0.11886234374999999 0.6382446923076923 0.08323245192307692 0.6529620673076924 0.05227953125 0.6443059927884616 0.03463607451923077 0.6276389399038462 0.04155519951923077 0.6070635096153846 0.06452190625 0.6124635120192308 0.08912683173076924 0.6015555769230769 0.11308890865384616
3 0.568144701923077 0.20990319951923078 0.5323932451923077 0.027901548076923077 0.522210141826923 0.027367875 0.55929078125 0.21037322596153848 0.568144701923077 0.20990319951923078
4 0.7715505336538461 0.24587109375 0.7819308653846153 0.2702116298076923 0.79325846875 0.2711188653846154 0.7916349350961538 0.24254200721153846 0.7912482427884615 0.21465378365384616 0.7896906586538462 0.18003909855769232 0.7837648605769231 0.19091375 0.7711014927884615 0.1983746201923077 0.7715505336538461 0.24587109375
4 0.6515555024038462 0.3329503245192308 0.6173436682692308 0.33853796634615385 0.6153556105769231 0.3559921947115384 0.6543205528846153 0.3456264783653846 0.6515555024038462 0.3329503245192308
3 0.5576562932692307 0.9549448774038461 0.5453814206730769 0.9774709374999999 0.5435894110576923 0.9896347211538461 0.5531579783653846 0.9996868293269231 0.5570663461538461 0.9836392427884615 0.5688172211538461 0.9837697163461538 0.5783216370192308 0.9870366153846154 0.5851911033653846 0.9783747403846154 0.5865928197115384 0.9639688028846154 0.6023162115384616 0.95483690625 0.6547616923076922 0.9128296370192307 0.6490996923076923 0.899552983173077 0.6371527692307691 0.9047129495192308 0.61270375 0.927885295673077 0.5820045841346154 0.9536523100961538 0.5719467956730769 0.9504147908653846 0.5576562932692307 0.9549448774038461
3 0.27093400240384613 0.5538895384615384 0.2704555865384615 0.5508057860576924 0.26827145673076924 0.5518967932692308 0.26794486778846155 0.5482990528846154 0.2656089110576923 0.5499040456730769 0.2629463653846154 0.5479113028846154 0.2654341418269231 0.5457923245192308 0.25036981490384613 0.5307519326923077 0.24164599278846152 0.5319693389423077 0.24430853605769232 0.5339620865384616 0.24418741586538462 0.5343774639423077 0.24697108173076923 0.5359548317307692 0.24672884375 0.5367855841346154 0.24963363221153845 0.5379475769230769 0.24927026923076923 0.5391937043269232 0.2522961778846154 0.5399403197115384 0.2518116923076923 0.5416018269230769 0.2568945480769231 0.5464180697115385 0.2576212692307692 0.5439258124999999 0.26028381730769234 0.5459185576923077 0.2594359735576923 0.5488261923076924 0.3229716201923077 0.6090292235576923 0.32563295192307695 0.6085970024038462 0.32551304326923075 0.6114373485576923 0.3281144254807692 0.612425298076923 0.32805447115384617 0.61384546875 0.33059589903846154 0.6162535889423076 0.3348351201923077 0.6017154182692308 0.35081039903846156 0.6136718894230769 0.35716866105769235 0.6138372115384615 0.3574334543269231 0.6212403461538462 0.3545191153846154 0.6285608173076922 0.36056430528846156 0.6284554086538462 0.36655156971153846 0.6324478004807692 0.36516144951923074 0.6415730865384616 0.36991275721153843 0.6496180504807693 0.3790598533653846 0.6476238822115385 0.3756772836538461 0.6281918918269231 0.36724663221153847 0.6278851586538461 0.36358690384615383 0.6284027067307693 0.35889062259615384 0.6175801081730768 0.3603477932692308 0.6139198701923078 0.3321725721153846 0.5997226730769231 0.2975594663461539 0.5738169879807692 0.29556279807692304 0.5758731009615384 0.29489692067307693 0.5718242427884616 0.29305207692307694 0.5733663701923077 0.29223437740384617 0.5698314975961538 0.2905413533653846 0.5708596370192308 0.2895718293269231 0.5678387524038462 0.28803063221153846 0.5683529086538461 0.28690928365384616 0.5658460072115384 0.2855199134615385 0.5658461730769231 0.28424673557692304 0.5638532620192308 0.28300919230769234 0.5633394447115385 0.2789216418269231 0.5598677716346153 0.27798774759615386 0.5583259783653847 0.27625909615384614 0.5578750288461538 0.2754770288461538 0.55581925 0.27359655048076925 0.5558822836538462 0.27296630528846155 0.5533125168269231 0.27093400240384613 0.5538895384615384
3 0.4313904447115385 1 0.4343914134615385 0.9815311754807692 0.43962535336538466 0.9634736129807693 0.45440687740384617 0.9393059014423077 0.4700019711538461 0.9166035817307693 0.45724328124999997 0.9074751201923077 0.44659914903846154 0.9072858894230769 0.42820963221153846 0.8946848942307692 0.4088362692307692 0.9341821850961539 0.43073373317307695 0.9851160673076923 0.43334462740384616 0.9851426850961539 0.4322978389423077 0.9887541971153847 0.4091204350961538 0.9967732235576924 0.4089759182692308 1 0.4313904447115385 1
3 0.6308690937500001 0.6825307836538462 0.6240673798076923 0.6723317956730769 0.6345172668269231 0.6649884278846153 0.6140443653846154 0.6532523245192308 0.60668928125 0.6430827115384615 0.5855970600961539 0.6374138100961539 0.5810034206730769 0.665566423076923 0.6263761826923078 0.6888036201923077 0.6308690937500001 0.6825307836538462
3 0.6456311947115385 0.6576098100961538 0.6452904278846153 0.6569813653846153 0.6472136057692308 0.6545086442307693 0.6378081129807692 0.6421850072115384 0.6315231923076923 0.6606216298076923 0.6341159759615385 0.6637525817307692 0.6318281802884615 0.6742904254807692 0.620289108173077 0.689126764423077 0.5403477475961538 0.8940118990384616 0.5478329350961538 0.9049288942307693 0.6276441947115384 0.6992963774038461 0.6337513581730769 0.6718177019230769 0.6356745360576923 0.6693449807692308 0.6367087620192307 0.66688353125 0.6375977163461539 0.6668722572115384 0.6393015504807693 0.6700144807692308 0.6408839591346154 0.6669133149038462 0.6395208918269231 0.6643995360576922 0.6424663725961538 0.6638121466346154 0.6414440721153846 0.6619268100961538 0.6440487836538461 0.6607109783653846 0.6433672500000001 0.6594540913461538 0.6456311947115385 0.6576098100961538
3 0.789965125 0.7751598581730769 0.7575728725961538 0.804033920673077 0.7631707235576923 0.8105253629807693 0.7866394975961538 0.8138052307692308 0.789965125 0.7751598581730769
3 0.7347362235576923 1 0.7387000889423077 0.9875741514423078 0.7515595048076923 0.9748228389423077 0.7452140360576922 0.9608281754807693 0.7432872860576923 0.9473532259615385 0.7677409471153845 0.9490722307692308 0.7657257716346154 0.94563984375 0.7685777596153845 0.9454884423076924 0.7786195072115384 0.9024829903846154 0.7507255745192307 0.8866151033653846 0.7490840937500001 0.8892165432692308 0.7481148389423077 0.8876588461538462 0.7474426201923077 0.8918179879807693 0.7455041081730769 0.8887025889423078 0.7376719086538461 0.8918338197115384 0.7415436995192307 0.9044512211538461 0.7392352403846154 0.9048251995192308 0.7310278605769231 0.9178324110576923 0.7103171850961538 1 0.7347362235576923 1
3 0.6433328100961538 0.7060064278846153 0.6329800480769231 0.7171160865384615 0.6279007884615384 0.72643721875 0.6719725600961539 0.7422005697115384 0.6698909783653846 0.7302424254807692 0.6709683485576924 0.7075565120192308 0.6617571033653846 0.7027654711538461 0.6569710192307692 0.7105624567307692 0.6433328100961538 0.7060064278846153
3 0.5373662836538462 0.7998838413461539 0.5133093605769231 0.8124753004807693 0.5136648822115385 0.8305594014423078 0.5508084423076923 0.8097303100961538 0.5477502211538462 0.7985783028846154 0.5373662836538462 0.7998838413461539
3 0.09612872836538461 0.8670565072115385 0.10608939423076923 0.8665277307692307 0.10465830528846154 0.8583065048076922 0.09473733413461538 0.8590633004807693 0.09612872836538461 0.8670565072115385
3 0.08858299759615385 0.8237082283653846 0.09457294711538461 0.8196187908653846 0.08485892067307692 0.8023143557692307 0.08858299759615385 0.8237082283653846
3 0.6389995456730768 0.3674971009615385 0.6367569158653846 0.36643808173076925 0.6360568100961538 0.36454815625 0.6373229735576923 0.3640817956730769 0.6352884254807692 0.3628662451923077 0.6356464014423077 0.3606664903846154 0.6343321899038461 0.36041568509615385 0.6338199350961538 0.35929440865384615 0.6339698269230769 0.35725118269230766 0.6326075721153847 0.3562832091346154 0.6322932572115385 0.3538358798076923 0.630882951923077 0.3521507355769231 0.6306166850961539 0.35042057451923075 0.6222338221153846 0.3333440480769231 0.6204366658653846 0.33384802884615383 0.62055725 0.3299287451923077 0.6187734951923077 0.32999724759615384 0.6188806778846154 0.3265134375 0.6171103197115385 0.32614646634615385 0.6172041081730769 0.3230981346153846 0.6154471442307692 0.32229568509615386 0.6155275336538462 0.31968282932692305 0.6137839711538462 0.31844490384615387 0.6138509615384615 0.3162675240384616 0.6121207980769231 0.3145941225961538 0.6121743894230769 0.31285221634615384 0.6104576225961538 0.31074333894230766 0.6104978173076924 0.30943691346153845 0.6087944495192308 0.30689256009615384 0.6088212451923076 0.30602160817307694 0.6071446706730769 0.3026063028846154 0.6054681009615385 0.29919099759615386 0.5960608076923077 0.2996903990384615 0.6151301899038462 0.33865547596153844 0.6241765600961539 0.3585410817307692 0.6316287692307692 0.3724769927884616 0.6355674110576923 0.3726450480769231 0.6426308822115385 0.3807254278846154 0.6764061754807693 0.4628776610576923 0.700650139423077 0.5091109423076923 0.7070303846153846 0.50726365625 0.6859435697115385 0.46312564663461536 0.6440292620192308 0.3777430168269231 0.6411623894230769 0.37715359134615384 0.6423526899038462 0.3743277115384615 0.6396938966346154 0.3735817548076923 0.6395060528846154 0.3728131033653846 0.6406761177884616 0.37091240625000005 0.6382254086538462 0.3700099182692308 0.6377814302884615 0.3686806298076923 0.6389995456730768 0.3674971009615385
2 0.9639819182692307 0.12895993028846153 0.9611106201923078 0.11246506730769232 0.9554175721153846 0.10863509134615384 0.9408338966346155 0.11468932451923078 0.9278461850961539 0.11387021634615385 0.9218580360576923 0.1051366201923077 0.934393108173077 0.08410532692307693 0.9162637884615384 0.07299910096153847 0.8975810985576923 0.06192225 0.8860574471153846 0.06630545673076924 0.8799044230769231 0.07266642307692307 0.875382139423077 0.056312103365384614 0.8759711370192308 0.04590770192307692 0.8521796802884616 0.044660843750000005 0.8533774278846155 0.058234548076923076 0.840318360576923 0.10192237980769231 0.8361168173076923 0.11949410817307693 0.8473784735576924 0.12643917307692307 0.8503707451923077 0.1436290096153846 0.8674904447115386 0.1585602860576923 0.9073660817307693 0.15342626201923076 0.9346113221153847 0.15273418990384616 0.9567149567307692 0.14175500721153847 0.9639819182692307 0.12895993028846153
3 0.7651283052884617 0.31485247836538466 0.7707627355769231 0.29267893509615384 0.7512335048076924 0.28315560576923077 0.7418555817307693 0.3062821706730769 0.7584219134615384 0.32124282451923075 0.7609909158653847 0.3392094182692308 0.768804048076923 0.3327603221153846 0.7651283052884617 0.31485247836538466
4 0.39847284374999997 0.32601978125000003 0.38431784375 0.29282813942307695 0.37920561298076927 0.30516818509615384 0.3865588942307693 0.3281608317307692 0.39847284374999997 0.32601978125000003
4 0.41822749759615385 0.3528798293269231 0.38326804567307693 0.35096425 0.38587002163461537 0.3659119350961539 0.4190062908653846 0.37018716826923076 0.41822749759615385 0.3528798293269231
4 0.21563648557692308 0.07775853846153846 0.18787264903846154 0.06263803365384615 0.18591756490384614 0.07707334375 0.21377852403846154 0.09596014423076923 0.21563648557692308 0.07775853846153846
4 0.265648875 0.9040689879807692 0.23853553365384617 0.8926854014423077 0.23661342548076922 0.9041018004807693 0.2646704326923077 0.9176981586538461 0.265648875 0.9040689879807692
4 0.4255717740384615 0.43998766105769227 0.4063303125 0.4674092980769231 0.4140115480769231 0.4730358509615385 0.4346840985576923 0.45383544230769235 0.4255717740384615 0.43998766105769227
4 0.7108110072115384 0.7054413990384615 0.6900101586538461 0.7110713918269231 0.693328579326923 0.7237181706730769 0.7139663557692307 0.7203597067307693 0.7108110072115384 0.7054413990384615
4 0.7382360865384616 0.8148662235576923 0.7261626682692307 0.7936327307692307 0.7267783870192308 0.8132116009615384 0.7407721129807693 0.8358517331730769 0.7498550600961539 0.8270723509615384 0.7382360865384616 0.8148662235576923