3 0.34452351923076924 0.14251208173076924 0.06413703125 0.31310028125 0.07187218028846154 0.3189045504807692 0.35225866826923075 0.14831635096153845 0.34452351923076924 0.14251208173076924
4 0.3076123725961538 0.06692173076923078 0.32419950480769233 0.0694930048076923 0.3410167067307693 0.062276843750000005 0.3456649519230769 0.04550556009615385 0.34320793269230765 0.036032879807692306 0.3076123725961538 0.06692173076923078
4 0.2639956778846154 0.31506690625 0.23506312499999998 0.30759740625 0.2586080721153846 0.3903656995192308 0.24125702884615385 0.3875178918269231 0.22088160817307692 0.40503333894230764 0.26790230528846154 0.41819245192307697 0.28509923317307695 0.3990972211538461 0.2639956778846154 0.31506690625
4 0.23756032692307694 0.3866088413461538 0.25102257692307695 0.3824697980769231 0.23954382932692309 0.3435523701923077 0.23756032692307694 0.3866088413461538
3 0.35811743509615385 0.48046263701923075 0.36279694471153845 0.48516075480769233 0.3761363413461538 0.48054808173076924 0.3956205408653846 0.4382477908653846 0.40713280769230764 0.4372653100961538 0.40620806730769227 0.452380375 0.41477191105769234 0.44003067548076924 0.40721322115384617 0.42956950721153847 0.3911867331730769 0.43449693749999996 0.35811743509615385 0.48046263701923075
3 0.47349245913461535 0.5810237427884615 0.47697471874999997 0.6024549302884615 0.4971245288461539 0.6187615937500001 0.5234079663461538 0.6106806081730769 0.5281522572115385 0.5969482235576924 0.5345628557692308 0.5949772524038461 0.5350229951923077 0.5754023822115385 0.5196219326923077 0.5693980120192308 0.47349245913461535 0.5810237427884615
2 0.6219971538461538 0.4463806658653846 0.6383966514423077 0.4669088100961538 0.6684929278846153 0.49754515384615383 0.7071217836538461 0.49436239182692304 0.7062886346153847 0.48848168509615386 0.6912025192307693 0.48902875240384613 0.703025266826923 0.47056303365384616 0.6492209639423077 0.4339193173076923 0.60365884375 0.41570911057692306 0.5891221995192308 0.43705485096153845 0.5527582692307692 0.44363249278846156 0.5481144855769231 0.48443844711538464 0.5884431658653846 0.45311718509615384 0.5958365649038462 0.4549352836538461 0.6219971538461538 0.4463806658653846
4 0.79248325 0.34844873317307695 0.7978998653846153 0.35598865625000004 0.7827489663461538 0.3749662283653846 0.818498641826923 0.3660204182692308 0.8450970264423077 0.36449087019230764 0.8540830288461538 0.3484315360576923 0.8363746057692307 0.33086285576923075 0.8226398533653847 0.33661989663461533 0.8016613485576923 0.33846720432692307 0.79248325 0.34844873317307695
4 0.7617346923076924 0.4780827620192308 0.8151123725961539 0.49440143990384616 0.8241251826923077 0.4757768389423077 0.77093959375 0.46553596634615385 0.7617346923076924 0.4780827620192308
3 0.6962571923076923 0.7513597475961539 0.7042112379807691 0.7606765528846153 0.7141688774038462 0.7617062644230769 0.7322257620192307 0.7459264735576923 0.7423598629807693 0.7422992836538461 0.748509125 0.7286463413461538 0.7677409086538461 0.7227334254807692 0.7589693413461538 0.7182706177884615 0.7545355360576923 0.714519764423077 0.7398447764423076 0.7139224639423076 0.7273653317307692 0.7218505793269231 0.7242985216346154 0.7340444014423078 0.7072624182692308 0.7377480264423077 0.6962571923076923 0.7513597475961539
4 0.30196999278846154 0.5335238317307692 0.2887802524038462 0.5360448774038461 0.26844281009615384 0.5376950841346153 0.2464010841346154 0.543449125 0.24782168509615385 0.5542632644230769 0.26534918990384615 0.5524541778846154 0.28238528846153843 0.5487505504807693 0.28587872596153846 0.556881766826923 0.2929571850961538 0.5521484326923077 0.3032141346153846 0.5489948774038461 0.30196999278846154 0.5335238317307692
4 0.1690988341346154 0.16269460576923075 0.1774214326923077 0.17343231490384614 0.2068409278846154 0.15876167307692307 0.19930904326923077 0.14573523557692308 0.1690988341346154 0.16269460576923075
4 0.3086129663461538 0.31362280288461536 0.31344212740384614 0.31622929086538465 0.3701502139423077 0.27066679807692307 0.3636971850961539 0.2644683341346154 0.31574503365384615 0.3037589302884615 0.3086129663461538 0.31362280288461536
4 0.9207597764423077 0.7309187091346154 0.9243224543269231 0.7446540937499999 0.9370743990384616 0.7351079807692307 0.931438889423077 0.7240555192307692 0.9207597764423077 0.7309187091346154