3 0.7749197331730768 0.8001838822115384 0.7782926947115385 0.7941850552884616 0.7610605456730769 0.7742031610576923 0.7563943293269231 0.7747336754807693 0.7749197331730768 0.8001838822115384
4 0.07655644951923077 0.8852195240384616 0.06986101442307692 0.8828803774038462 0.06049013221153846 0.8828400504807692 0.054015 0.9341577283653847 0.06682975000000001 0.9381210120192307 0.07280804807692308 0.9357068509615385 0.07655644951923077 0.8852195240384616
4 0.16773599278846152 0.09507837740384616 0.18409716826923078 0.10590155288461538 0.1861897019230769 0.09480152644230769 0.18333398317307692 0.07615542548076923 0.18776341826923076 0.076735875 0.19018325721153848 0.08289997836538461 0.1979207644230769 0.059840737980769235 0.18906791346153848 0.05096075961538461 0.17748309615384614 0.06643548076923077 0.16773599278846152 0.09507837740384616
3 0.7363495480769231 0.05868152163461538 0.7390553341346154 0.038732249999999996 0.7255571947115385 0.038024841346153845 0.7227603677884615 0.05621554326923077 0.7363495480769231 0.05868152163461538
3 0.6218498725961539 0.2993919230769231 0.6281991634615385 0.29181889903846153 0.6266306754807692 0.2863601923076923 0.6215806514423078 0.2916824567307692 0.6218498725961539 0.2993919230769231
3 0.44526821875 0.28534220673076927 0.4473735721153846 0.2746092956730769 0.4412414350961538 0.2726180432692308 0.4408832620192307 0.27814402884615386 0.44526821875 0.28534220673076927
3 0.3982065985576923 0.3660121514423077 0.4071047139423077 0.38407968028846157 0.42011699519230766 0.3700253701923077 0.40652702644230765 0.35175411778846155 0.3969261706730769 0.36091095192307693 0.3982065985576923 0.3660121514423077
3 0.32176078365384614 0.36280065384615384 0.314540516826923 0.3612149663461538 0.31682613461538456 0.37142697836538463 0.32176078365384614 0.36280065384615384
3 0.22831144711538462 0.04628225480769231 0.2236512548076923 0.03909368990384616 0.21890210336538463 0.04514057451923077 0.22305028365384613 0.05344971875 0.22831144711538462 0.04628225480769231
3 0.08229579326923077 0.19730462019230768 0.08465833653846154 0.2097193341346154 0.09429163461538462 0.20938293028846156 0.09322077163461538 0.17082598317307693 0.08984021634615386 0.1529333389423077 0.06986328365384616 0.15693903365384615 0.06667581730769231 0.16035843028846156 0.06963409615384616 0.18194147115384615 0.08229579326923077 0.19730462019230768
3 0.7536267788461538 0.72704684375 0.7472638822115385 0.7184474783653846 0.7404470528846154 0.7205233533653845 0.7484613725961539 0.7290650504807693 0.7536267788461538 0.72704684375
4 0.35412653365384616 0.42158354567307693 0.3539229903846154 0.44732021874999994 0.3551401033653846 0.46639110576923076 0.3515492019230769 0.46614893509615385 0.35315614903846154 0.4727089951923077 0.3918567980769231 0.49194118990384617 0.3901857524038462 0.48354554326923077 0.36040806971153844 0.4673098389423077 0.35784563942307696 0.42549688942307695 0.3879498389423077 0.44319145192307696 0.39182435576923075 0.48312075721153847 0.3943467548076923 0.4922218028846154 0.3957033125 0.48372043028846157 0.39385801682692306 0.4466607836538462 0.41707448317307694 0.4565094399038462 0.41887294230769234 0.45277098317307696 0.38727718028846153 0.43182042307692303 0.36043134855769227 0.4206282451923077 0.35412653365384616 0.42158354567307693
4 0.05623332932692308 0.4926344639423077 0.06307579567307692 0.4912928197115385 0.0638810985576923 0.4670053966346154 0.06194763221153846 0.45898648076923076 0.05963637259615385 0.4480402379807692 0.06274692067307693 0.4424181346153846 0.04923465865384616 0.44215486538461535 0.047361639423076925 0.4911064423076923 0.05623332932692308 0.4926344639423077
4 0.11059838461538461 0.15551653365384616 0.15100775240384617 0.16844044951923076 0.15249173076923078 0.14780497596153847 0.11288243269230769 0.13411799278846154 0.11122499278846153 0.14189473798076924 0.11059838461538461 0.15551653365384616
3 0.7044657764423078 0.4240520384615385 0.7089525048076923 0.4183818774038462 0.7051949447115384 0.41336718509615383 0.7004201538461537 0.41867983413461535 0.7044657764423078 0.4240520384615385