2 0.4333210793269231 0.48458326201923074 0.42971955769230774 0.49954720432692307 0.4299655745192308 0.5143566009615385 0.43277701201923074 0.532445608173077 0.4425502067307692 0.5463890769230769 0.4521844278846154 0.5469282956730769 0.5191183221153847 0.5353803389423077 0.5260493317307693 0.5293836274038461 0.5306893197115385 0.5164719975961538 0.5313439807692307 0.5004586033653846 0.5279222379807693 0.48593785096153846 0.521707391826923 0.47962351442307694 0.4576416995192308 0.47237108413461537 0.4476100721153846 0.46806247115384614 0.4404957355769231 0.47310007211538463 0.4333210793269231 0.48458326201923074
4 0.4292157091346154 0.6304442067307693 0.427917625 0.6278788125 0.42748946634615387 0.6222582427884615 0.4252291947115384 0.6171945048076922 0.42287667788461536 0.6065772379807692 0.4198227740384616 0.6041226418269231 0.41950165144230767 0.5999072163461538 0.42202035336538457 0.5953361009615384 0.42614229326923075 0.5915462499999999 0.42705775240384614 0.5861938653846154 0.4261718605769231 0.5832494903846154 0.4237897692307693 0.5809289879807692 0.4243841057692308 0.5713611754807693 0.4191166634615385 0.5716935697115384 0.41183377884615385 0.5716236778846153 0.40496309375000006 0.5711748052884615 0.4009937331730769 0.5740725913461538 0.39821541346153844 0.5781306298076923 0.39873464903846156 0.5791567860576923 0.3972236658653846 0.5839290456730769 0.3958960120192308 0.5896604110576923 0.39368246634615384 0.5924474014423077 0.3913766658653846 0.5896808629807693 0.3915304254807692 0.5989367379807692 0.3940503076923077 0.6045135552884615 0.3980663870192308 0.6094665 0.40055551923076926 0.6131921442307692 0.4040831201923077 0.6189701033653846 0.4086947235576923 0.624503173076923 0.41100052644230767 0.6272697067307692 0.4101613533653846 0.6321760576923077 0.4140396442307692 0.6338726826923077 0.4190782259615385 0.6348783870192308 0.4207270024038462 0.6333624495192307 0.42535338942307693 0.6347471370192307 0.43033046875 0.6320504903846154 0.43339915384615385 0.6303567067307692 0.4292157091346154 0.6304442067307693
4 0.45187158894230767 0.6137484134615385 0.43452751201923073 0.6176666730769231 0.43428386298076926 0.6231531490384616 0.44997916346153843 0.620750829326923 0.4531241394230769 0.6186110144230769 0.45187158894230767 0.6137484134615385
4 0.4751093870192308 0.6119290625 0.4769107403846154 0.6095210576923077 0.4748338028846154 0.6054164278846154 0.4568794206730769 0.6129029423076923 0.45559730048076924 0.6163371033653846 0.45700242788461537 0.6203076418269231 0.4751093870192308 0.6119290625
4 0.4694593173076923 0.6043436802884615 0.48142653846153843 0.5790567980769231 0.4773956706730769 0.5782522355769231 0.4652143701923077 0.6007288317307693 0.4694593173076923 0.6043436802884615
4 0.4921163798076923 0.5977958197115385 0.5094308846153847 0.6021743221153846 0.5119951225961539 0.595306 0.49385622596153844 0.5916854687499999 0.4921163798076923 0.5977958197115385
4 0.49287689423076925 0.5730396322115385 0.49000513701923076 0.5613962091346154 0.4835011081730769 0.5628655552884616 0.48756391105769226 0.5756692283653846 0.49287689423076925 0.5730396322115385
4 0.5190479543269231 0.586566048076923 0.5380408076923077 0.5811318485576923 0.5394139975961538 0.5731032764423077 0.5179479807692308 0.5808113846153846 0.5190479543269231 0.586566048076923
4 0.49718097596153843 0.560060954326923 0.5045413293269231 0.5698327475961539 0.5081440360576923 0.5650167427884616 0.5043568173076923 0.5587257019230769 0.49718097596153843 0.560060954326923
4 0.5053337836538462 0.557075670673077 0.49773214663461535 0.5730862259615385 0.5017630144230769 0.5738907860576923 0.5093646466346153 0.5578802307692308 0.5053337836538462 0.557075670673077
4 0.5080848990384615 0.581610264423077 0.5162353341346153 0.5583291057692308 0.5115326586538461 0.5573904495192308 0.5033822211538461 0.580671608173077 0.5080848990384615 0.581610264423077
4 0.5182235673076924 0.5873240192307693 0.4928473269230769 0.5813363918269231 0.4926036754807692 0.5868228677884615 0.516636295673077 0.5925423052884615 0.5182235673076924 0.5873240192307693
4 0.43232756490384616 0.6061573461538461 0.42475549759615383 0.6138711394230769 0.4262221298076923 0.6215440216346154 0.43470965624999997 0.6084778485576924 0.43232756490384616 0.6061573461538461
4 0.42341187740384617 0.6136029519230769 0.4319609086538462 0.604239125 0.43354818028846154 0.5990208365384615 0.4316853245192308 0.5977264903846154 0.42194524759615387 0.6059300673076924 0.42341187740384617 0.6136029519230769
4 0.43553167788461533 0.5874240072115385 0.4363241274038462 0.5746669302884615 0.4326599206730769 0.5757805865384615 0.4315008125 0.5866194447115385 0.43553167788461533 0.5874240072115385
4 0.32340431971153843 0.8611716490384616 0.33244301682692307 0.8611307403846153 0.3320148533653846 0.8555101682692308 0.3244723557692308 0.8549272043269232 0.32340431971153843 0.8611716490384616