3 0.9304465600961538 0.8714157043269231 0.9255864759615384 0.9005938533653846 0.919920204326923 0.9141048413461538 0.9215078870192308 0.929290579326923 0.9546214903846154 0.9267813822115384 0.9634181105769231 0.8183590865384616 0.9357557091346155 0.8162196009615384 0.9304465600961538 0.8714157043269231
3 0.5403078966346154 0.2725259278846154 0.5387301682692308 0.27660985336538463 0.5423270384615384 0.2834844278846154 0.5436843725961539 0.28723773317307694 0.5447872836538461 0.29412690625 0.5497243173076923 0.2947248822115385 0.5540081274038461 0.2931326201923077 0.554745951923077 0.2840386081730769 0.5585969326923077 0.272418875 0.5562470408653846 0.26553700240384615 0.5581809591346154 0.25706286538461537 0.55460953125 0.2498747043269231 0.5458806754807692 0.24992579567307693 0.540375329326923 0.2512117716346154 0.5390351634615385 0.2574883701923077 0.5388996802884616 0.26939979326923075 0.5403078966346154 0.2725259278846154
4 0.5362334062499999 0.13839846153846153 0.5323143725961539 0.14061546394230767 0.5336802908653846 0.1493837235576923 0.5368188894230769 0.1465444110576923 0.5362334062499999 0.13839846153846153
3 0.4397275504807692 0.7338680192307692 0.4373185024038462 0.7379568100961538 0.436394 0.7442309735576923 0.4386589783653846 0.74703865625 0.4431208846153846 0.7432512884615385 0.4436806105769231 0.7363523822115384 0.4397275504807692 0.7338680192307692
3 0.5256080841346153 0.32056793269230766 0.5221301490384616 0.32246891586538456 0.5245818100961539 0.3280964447115385 0.5281360697115385 0.3252546995192308 0.5256080841346153 0.32056793269230766
4 0.46078809375 0.19776635096153847 0.46632746875000003 0.20118174278846152 0.4707807908653846 0.19237942067307692 0.46446098076923076 0.1883417235576923 0.4617125985576923 0.1914921875 0.46078809375 0.19776635096153847
4 0.46859729567307695 0.02470305528846154 0.46450843750000004 0.01877167548076923 0.4609541802884615 0.02161341826923077 0.4637706153846154 0.027865685096153843 0.46859729567307695 0.02470305528846154
2 0.566858 0.21156361298076923 0.5707178749999999 0.22031727163461537 0.5798623918269231 0.22026374759615383 0.5821356442307692 0.2127279375 0.566858 0.21156361298076923
2 0.5824637259615385 0.49544678125 0.576228826923077 0.49548327644230766 0.5761947980769231 0.4907819134615385 0.5619351538461539 0.4924325649038461 0.5627327572115385 0.50308478125 0.5762545817307692 0.5105281346153846 0.5783411538461538 0.5001724783653846 0.5824637259615385 0.49544678125
4 0.5628170456730769 0.47644208653846154 0.558685889423077 0.4761528317307692 0.5548603533653846 0.48745897836538465 0.5599163221153846 0.49683251201923073 0.561171576923077 0.48648172115384614 0.5665665697115384 0.48143514182692304 0.5628170456730769 0.47644208653846154
4 0.5395196346153847 0.722627014423077 0.5486641490384615 0.7225734855769231 0.5501909951923077 0.7191167379807692 0.5556877596153846 0.7128158100961539 0.5445835673076923 0.7062986153846154 0.5378566826923077 0.7072783028846155 0.5320546153846154 0.7173422692307692 0.5269735120192307 0.7236407644230769 0.5395196346153847 0.722627014423077
4 0.4517240865384615 0.82156034375 0.4473893918269231 0.8237797788461538 0.4479239903846154 0.8325529038461539 0.45218235817307695 0.8312742259615384 0.4517240865384615 0.82156034375
3 0.5117504879807693 0.9061505865384615 0.5216159711538462 0.9023315889423077 0.5180022427884615 0.9007855504807692 0.5118945552884615 0.8992541177884615 0.5063892067307691 0.9005400913461539 0.5038615360576923 0.9112117668269231 0.5077382692307693 0.914636889423077 0.5117504879807693 0.9061505865384615
4 0.46277569951923075 0.32689103125 0.45773689903846154 0.32754740144230765 0.4591028149038462 0.33631566105769234 0.46502382451923074 0.3350272524038462 0.46277569951923075 0.32689103125
4 0.4408520336538461 0.13112082451923077 0.44567902403846155 0.14331664182692308 0.4520239639423077 0.13168230769230768 0.44954686538461536 0.1263683701923077 0.44507637499999997 0.12514078365384615 0.4408520336538461 0.13112082451923077
3 0.552391701923077 0.06213852884615385 0.5447911947115385 0.06876520913461538 0.5448172620192308 0.09916850961538462 0.5529946634615385 0.09567282932692309 0.5605951682692308 0.08904614903846153 0.5625287764423077 0.06521356730769232 0.552391701923077 0.06213852884615385
4 0.583100579326923 0.10866098557692308 0.5888857908653846 0.10392556009615385 0.5966475336538462 0.10043231009615385 0.5933050841346155 0.09042187259615385 0.5923548293269231 0.08165118028846154 0.5935591947115385 0.0719275625 0.5872479735576923 0.0729048173076923 0.5857382980769231 0.08639147596153846 0.5796732211538461 0.09457635576923076 0.5818450168269231 0.10365333173076922 0.583100579326923 0.10866098557692308
4 0.5544099086538462 0.027021699519230773 0.56051759375 0.028553134615384616 0.5626127524038462 0.023212432692307692 0.5581591201923077 0.016656310096153846 0.5548424254807692 0.021690728365384618 0.5544099086538462 0.027021699519230773
4 0.5079495 0.03638334134615385 0.5133785192307692 0.036038127403846154 0.5150580168269231 0.03069985576923077 0.5196811586538461 0.03004591826923077 0.5203680961538462 0.02157908173076923 0.5165676899038462 0.017213199519230768 0.5115711875 0.012227442307692309 0.5094505889423077 0.017881735576923078 0.5086873221153846 0.02728933173076923 0.5079495 0.03638334134615385
4 0.5748499663461538 0.2666818605769231 0.5765466346153846 0.27137349278846157 0.5811952139423077 0.2704059711538461 0.5791592163461539 0.2647760120192308 0.5798716009615384 0.25599558653846155 0.5748582403846154 0.2563383701923077 0.5748499663461538 0.2666818605769231
0 0.5165675144230769 0.4268762139423077 0.5120970216346155 0.4256486346153846 0.5118257451923077 0.4341130360576923 0.5182641802884616 0.4315678485576923 0.5165675144230769 0.4268762139423077
4 0.5548600408653847 0.47210053365384613 0.5524252379807693 0.46114446875 0.54801421875 0.4643046634615385 0.5548600408653847 0.47210053365384613