2 1 0.44641426442307697 0.9640731370192307 0.4384159038461538 0.9487460360576924 0.4337523846153846 0.9120700384615384 0.4160985336538462 0.9126113245192309 0.4586054110576923 0.9038406201923077 0.49403413701923077 0.9729464230769231 0.5192206225961539 0.9957084927884616 0.5320042163461538 1 0.522727170673077 1 0.44641426442307697
3 1 0.3707403894230769 0.9945649975961538 0.36528015384615387 0.9917960504807692 0.37681133894230767 0.9821349927884615 0.3928037524038462 0.9989035649038461 0.4103007644230769 1 0.4100943076923077 1 0.3707403894230769
3 0.8467221875 0.5898645673076923 0.8615347283653846 0.5949870216346154 0.9295473413461538 0.599232233173077 0.9269187307692307 0.5604836514423077 0.9251737932692308 0.5304299302884615 0.8923092259615385 0.5218099278846154 0.8610964350961539 0.5233070480769231 0.8216149302884616 0.5233282572115384 0.8608845552884615 0.5559489975961539 0.8647250793269231 0.5630603004807692 0.8721451033653846 0.5796230408653846 0.8646444927884616 0.5795693966346154 0.8635721346153846 0.5758896971153846 0.8467221875 0.5898645673076923
3 0.6994721802884616 0.5665190096153846 0.6904711298076923 0.57243975 0.67873021875 0.587969125 0.7014989687500001 0.6114941682692308 0.7222825961538462 0.6245672019230769 0.743796983173077 0.6601691658653847 0.7690170673076923 0.6484226802884615 0.8027743509615385 0.6315906322115384 0.8283718028846153 0.6098138221153846 0.8480555576923077 0.5912041298076923 0.8645214519230768 0.5765181322115385 0.8667750576923077 0.5804086706730769 0.8724277379807692 0.5795816923076923 0.8638264639423077 0.5628081081730769 0.8605512139423077 0.5556141057692308 0.8347383485576922 0.5394402620192308 0.8015852548076924 0.5051573629807693 0.7970623197115384 0.5207817379807692 0.78322071875 0.5185865000000001 0.7568402235576923 0.5473837163461538 0.7645794447115384 0.5577612283653847 0.7451142475961539 0.5544704254807692 0.6994721802884616 0.5665190096153846
3 0.6344431442307693 0.6036560552884616 0.6149339230769231 0.6107304663461538 0.605838923076923 0.6116773966346154 0.6075123197115384 0.6240933028846154 0.6103818990384615 0.6282773870192307 0.6169174663461539 0.6511080576923077 0.6562586346153847 0.7013666105769231 0.6629321778846153 0.718805877403846 0.7080372788461538 0.7198802331730769 0.723821548076923 0.7129671153846153 0.7211779975961539 0.682661204326923 0.7166067211538463 0.6530209711538462 0.7092672764423077 0.6199491346153846 0.7004773197115385 0.6081907115384616 0.6829115504807692 0.5911939831730769 0.6707374519230769 0.5757104158653846 0.6638885865384616 0.5847692163461539 0.6396335528846154 0.5737386778846154 0.6344431442307693 0.6036560552884616
3 0.7739676706730769 0.7685507716346154 0.7532115576923076 0.783480766826923 0.7270920769230769 0.8099378461538461 0.7141192091346155 0.824880139423077 0.6910878725961538 0.8336208052884615 0.676723454326923 0.8510686322115385 0.6888385865384615 0.8853600817307693 0.7045265432692307 0.9183615192307693 0.7145134735576922 0.906925329326923 0.7101784375 0.9324973269230769 0.724019125 0.9538756081730769 0.7323256682692307 0.952660375 0.7536608485576923 0.921532014423077 0.7885278389423077 0.8872729975961539 0.8223299374999999 0.8451129471153845 0.8283890769230768 0.8323330985576922 0.8391582644230768 0.8288392908653847 0.849246608173077 0.8181555793269231 0.86410396875 0.79795003125 0.8314221923076922 0.758610625 0.8171316778846154 0.7488079014423078 0.8127042716346153 0.7394805096153847 0.8022110360576923 0.732191514423077 0.7739676706730769 0.7685507716346154
4 0.2779826298076923 0.12290436298076922 0.2862588173076923 0.1201589326923077 0.2602289639423077 0.09596000961538462 0.23779277163461537 0.08773264182692307 0.22782745913461538 0.10146761778846154 0.2021285889423077 0.12249194471153846 0.21685386778846152 0.13338204086538463 0.24313057932692306 0.14872071153846153 0.24823293269230767 0.13953376201923076 0.2559072908653846 0.14301491346153847 0.2717929807692308 0.13685427884615384 0.2779826298076923 0.12290436298076922
3 0.4613932596153846 0.4551758004807693 0.4755898245192308 0.4600047139423077 0.48943142548076923 0.46219994951923077 0.5013602355769231 0.45661819951923077 0.5007808173076923 0.4501807764423077 0.4847437884615384 0.44024990625 0.47109834134615386 0.4288181730769231 0.4613932596153846 0.4551758004807693
3 0.4199053918269231 0.5728899711538461 0.42647162259615384 0.5638725192307692 0.41668831490384617 0.5618508774038461 0.41026674278846154 0.5762183846153847 0.4207965336538461 0.5773635024038462 0.4199053918269231 0.5728899711538461
3 0.3345298485576923 0.5531529927884615 0.33984171875 0.5562124591346154 0.34834314903846153 0.5423079879807692 0.3387992355769231 0.5356474254807693 0.3345298485576923 0.5531529927884615
4 0.26551052644230766 0.5371616586538461 0.25590096634615384 0.5385675216346154 0.2709662644230769 0.5605339615384616 0.2724384014423077 0.5415193341346154 0.26551052644230766 0.5371616586538461
3 0.1466139423076923 0.5894689567307693 0.12223350480769232 0.6202755144230768 0.14857586778846155 0.6275477572115384 0.16760866346153847 0.5848628269230769 0.1466139423076923 0.5894689567307693
3 0.4585394278846154 0.1517359591346154 0.4668529639423077 0.12788386298076923 0.46431672596153845 0.12403467067307691 0.4547928557692308 0.14959846875 0.4585394278846154 0.1517359591346154
3 0.4575543365384615 0.14228862019230767 0.4499306875 0.13918370673076924 0.4455606682692308 0.14097400721153847 0.44595887259615385 0.1482052596153846 0.45053840865384615 0.1586613701923077 0.4578070961538462 0.15913260336538462 0.4600249278846154 0.1542042403846154 0.4575543365384615 0.14228862019230767
4 0.9113428100961538 0.46416220913461537 0.9029726754807693 0.46193382451923076 0.8931245096153847 0.4530158221153846 0.872035048076923 0.4676109278846154 0.8839630721153846 0.47699196394230764 0.8935726322115385 0.47558610096153847 0.900623545673077 0.48299504326923076 0.9106320961538461 0.4738576442307692 0.9113428100961538 0.46416220913461537
3 0.9231458125 0.6458241033653846 0.9328949230769231 0.6091012596153846 0.929423516826923 0.6111437548076923 0.906276608173077 0.6126118245192308 0.8837165889423078 0.6162959783653845 0.886723360576923 0.6300514495192308 0.9231458125 0.6458241033653846
3 0.16938307211538461 0.7434377572115385 0.17349286057692306 0.7290248028846154 0.16328973557692306 0.7174731249999999 0.13226562980769233 0.7139550817307693 0.12386561778846154 0.72861203125 0.10324079807692307 0.727409170673077 0.1067471875 0.7491483701923076 0.11734105048076923 0.7721526346153845 0.14782229326923077 0.7630893725961538 0.16938307211538461 0.7434377572115385
4 0.4100560576923077 0.44849100240384615 0.4007806298076923 0.43526896875 0.3702254807692308 0.47158277884615385 0.3721382740384615 0.4793597644230769 0.3783412836538461 0.4868927572115384 0.4100560576923077 0.44849100240384615
4 0.34666347836538464 0.37374408173076923 0.32653001923076924 0.39970907451923077 0.3218333389423077 0.4119059375 0.34106739903846156 0.40065154326923075 0.3586995985576923 0.3946190528846154 0.3605915576923077 0.38513446394230766 0.3557144495192308 0.3831623701923077 0.35151149759615385 0.37763872355769235 0.34666347836538464 0.37374408173076923
4 0.34098955528846153 0.5027160312500001 0.32996682692307694 0.5043286394230769 0.3322695625 0.538521 0.3285878509615384 0.5432798701923077 0.3344359014423077 0.5481791802884616 0.3386687283653846 0.5368174927884616 0.35433743028846154 0.5226317764423076 0.35271474278846154 0.5105921105769231 0.34098955528846153 0.5027160312500001
4 0.7331375 0.3693810264423077 0.7370660745192308 0.3557619014423077 0.7351458149038461 0.35220625 0.7253408894230768 0.34788582211538466 0.7178245504807692 0.3712376298076923 0.7215927427884616 0.37567390625 0.7331375 0.3693810264423077
3 0.6162028413461538 0.4597671274038462 0.6165346081730768 0.49002759375000005 0.6569288798076923 0.4967786923076923 0.6581989663461538 0.46129631971153845 0.6162028413461538 0.4597671274038462
3 0.691087108173077 0.5727332884615385 0.6990881298076924 0.5658078774038462 0.6924145889423077 0.5483686129807692 0.6974371418269231 0.5407279711538462 0.7012359975961538 0.513316125 0.6926347235576924 0.4965425384615385 0.6844167163461539 0.49544287019230765 0.6767423557692307 0.4919617211538462 0.6596754206730769 0.4979115120192308 0.6576671081730769 0.5150862884615385 0.6547825889423078 0.5193448725961539 0.6629341610576923 0.5434737548076923 0.6841093100961538 0.5530365865384615 0.691087108173077 0.5727332884615385
3 0.7359634326923078 0.5143740817307692 0.7202514927884616 0.5239622235576923 0.7198084759615385 0.5420589759615384 0.7234312211538462 0.5561079855769231 0.7453752620192307 0.5521302884615384 0.7600081658653846 0.5281209951923077 0.7454931947115385 0.5145145264423077 0.7359634326923078 0.5143740817307692
3 0.6794259927884615 0.5867163581730769 0.6901884975961539 0.5724810985576924 0.6827252283653846 0.5513207836538462 0.6534841971153846 0.5417870048076924 0.6498390432692307 0.5404019927884616 0.6505124110576923 0.5518132307692307 0.6498814951923078 0.5599623557692308 0.6548667043269231 0.5734283822115385 0.652800997596154 0.57948546875 0.6632726129807692 0.5844756754807693 0.6704041105769231 0.5753755240384616 0.6794259927884615 0.5867163581730769
3 0.7236847644230769 0.5579891850961538 0.7137858918269231 0.5486949447115385 0.6988719302884616 0.5428200096153846 0.6918493197115385 0.5484513100961539 0.6996317788461539 0.5634263942307692 0.7236847644230769 0.5579891850961538
3 0.5050427091346154 0.7127468461538461 0.5200655552884615 0.7151529230769231 0.5275736394230769 0.7109852331730769 0.5255743653846154 0.6940131033653846 0.5103494735576923 0.6751392764423076 0.4817012235576923 0.6935258317307693 0.48596903846153844 0.7059458389423077 0.5050427091346154 0.7127468461538461
4 0.509350204326923 0.9350221225961538 0.5058414495192308 0.9581712860576924 0.5262119399038462 0.9724557355769231 0.5492416201923077 0.9788057331730768 0.5508595697115385 0.9787398052884615 0.5578028870192308 0.9459655048076924 0.53293934375 0.9304200913461538 0.509350204326923 0.9350221225961538
4 0.7210294302884616 0.4762747884615385 0.7268043629807692 0.4934618605769231 0.7471257139423078 0.4774444951923077 0.7468878966346153 0.45215784375 0.7397131562499999 0.4566604206730769 0.7384297043269231 0.4706598846153846 0.7210294302884616 0.4762747884615385
4 0.7212613533653845 0.4758571971153846 0.7379949447115385 0.469572516826923 0.7387896225961538 0.4617830889423077 0.7376786177884616 0.4606576322115385 0.7389882908653846 0.45983573557692303 0.7323870769230769 0.44507149278846153 0.7316536874999999 0.44671342067307696 0.73078821875 0.4449697019230769 0.7195962163461539 0.4442571682692308 0.7170591899038462 0.45537076201923077 0.7250531826923077 0.4614907596153846 0.721386235576923 0.4697003966346154 0.7219625216346154 0.47052042307692304 0.7206528485576923 0.47134232451923075 0.7212613533653845 0.4758571971153846
3 0.41318114182692306 0.5550744663461539 0.4217615793269231 0.5545864783653847 0.4273061610576923 0.5422655625 0.4461919375 0.5391189447115384 0.4376771442307692 0.5315405048076923 0.42445820432692305 0.5403802668269231 0.41318114182692306 0.5550744663461539
3 0.17558157692307694 0.584144 0.17554154086538462 0.5848532307692308 0.17450913461538461 0.585351389423077 0.17446337980769233 0.5861619399038461 0.17343669230769232 0.58655878125 0.1733852139423077 0.5874706490384616 0.17236425000000002 0.5877661706730769 0.17230705288461537 0.5887793581730769 0.17129180769230767 0.5889735600961539 0.17122889182692308 0.5900880649038461 0.17021936298076923 0.5901809495192307 0.17015072596153846 0.5913967740384616 0.16914692067307693 0.5913883389423077 0.16907256490384615 0.5927054807692308 0.1680744783653846 0.5925957283653847 0.1679944014423077 0.5940141899038461 0.16700203605769232 0.5938031177884615 0.16691624278846154 0.5953228990384616 0.16592959375000002 0.5950105072115385 0.16583807692307692 0.5966316057692308 0.16485714903846155 0.5962178966346154 0.16475991346153848 0.5979403149038461 0.16378470673076923 0.5974252860576923 0.13682368749999999 0.6276685072115384 0.1307117403846154 0.6339978341346153 0.13677009615384617 0.6361807740384615 0.14413351923076922 0.62666303125 0.14126340384615385 0.6227804711538462 0.1552051610576923 0.60708440625 0.15843976201923077 0.6130603028846153 0.15914199759615383 0.6113803028846154 0.15952364903846156 0.6118360120192308 0.15984423798076924 0.6097003052884615 0.16060753846153847 0.6106117235576923 0.18770477403846153 0.5800045 0.18308868028846154 0.5756922740384616 0.17987134855769232 0.5793144423076924 0.17985418990384616 0.5796183990384616 0.17879890625 0.5805218317307692 0.17877603125 0.5809271057692308 0.17772646394230768 0.58172921875 0.1776978653846154 0.5822358149038462 0.17665402163461538 0.5829366105769231 0.1766197043269231 0.5835445240384616 0.17558157692307694 0.584144
4 0.9081823124999999 0.7550538990384615 0.928415610576923 0.7597669639423077 0.9350400216346154 0.7469044182692308 0.9307431201923078 0.7364069543269232 0.9226123774038462 0.7295396466346153 0.9068355769230769 0.7322314278846154 0.9081823124999999 0.7550538990384615
4 0.4232041923076923 0.9587512451923076 0.4147975 0.9626667403846153 0.4310008052884615 0.9802464495192308 0.43515383653846157 0.9704310697115385 0.4232041923076923 0.9587512451923076