3 0.57705959375 0.34301394230769233 0.562804548076923 0.33394281971153844 0.5423435913461538 0.33265999759615383 0.5078396658653846 0.33183205769230767 0.4820035528846154 0.3342300240384616 0.48836932211538464 0.33894235096153846 0.48567242307692304 0.3413139254807692 0.47317534134615385 0.3401404447115385 0.4383735432692308 0.334673375 0.41371082932692305 0.3350532908653846 0.4077138100961539 0.3309431201923077 0.40084126442307694 0.3334901298076923 0.39896712019230773 0.35381609375 0.40074000240384616 0.36086384615384615 0.41964015624999995 0.3646249254807692 0.43063238942307697 0.3650895721153846 0.46932687259615385 0.3648921875 0.4905962139423077 0.36334233413461536 0.5065426177884615 0.36249865625 0.5167451225961538 0.36473361298076923 0.5352877139423077 0.3672551201923077 0.5520014711538461 0.36591596875000004 0.5695683677884615 0.3591944711538462 0.5782660216346154 0.36072059375 0.5892843629807692 0.3596979302884616 0.5959933221153846 0.3448627668269231 0.57705959375 0.34301394230769233
4 0.5271202163461539 0.46516711298076924 0.5012468028846153 0.4696898076923077 0.5034518533653846 0.4737276754807693 0.5281779831730768 0.4697357211538461 0.5271202163461539 0.46516711298076924
4 0.6006367932692307 0.4044635817307692 0.5737279951923078 0.4031428293269231 0.5732659879807692 0.4078524951923077 0.5979175120192308 0.4081099927884615 0.6006367932692307 0.4044635817307692
4 0.8921493052884616 0.5447747836538461 0.8690250168269231 0.5439512836538462 0.8670768100961539 0.54688975 0.889817423076923 0.5479609855769231 0.8921493052884616 0.5447747836538461
4 0.6603959086538461 0.5440115841346154 0.6558030192307692 0.5463470072115384 0.6613566826923076 0.5541044807692308 0.6681993846153845 0.5532572524038462 0.6603959086538461 0.5440115841346154
4 0.21661375000000002 0.3480435985576923 0.24932613701923076 0.34288615144230766 0.24823853365384616 0.3400173269230769 0.23761132451923078 0.3403673076923077 0.21405486778846153 0.3425536875 0.21661375000000002 0.3480435985576923
4 0.5154477139423077 0.11454477884615384 0.5093686274038461 0.11510900721153847 0.50664934375 0.11875542067307691 0.5243387932692307 0.12665927403846153 0.5304514519230769 0.12418279326923076 0.5233407163461539 0.1186911033653846 0.5154477139423077 0.11454477884615384
4 0.8322887451923078 0.7350928822115385 0.8175045456730768 0.7345559326923077 0.8170798413461539 0.7371408677884616 0.8307279399038462 0.7375711394230768 0.8322887451923078 0.7350928822115385
4 0.8386028413461539 0.7211428725961538 0.8317564086538461 0.7222025745192308 0.8392806586538462 0.7257467451923076 0.8446147788461539 0.7244031562500001 0.8386028413461539 0.7211428725961538
4 0.41377615384615385 0.6986320240384616 0.395542625 0.700112235576923 0.3954978629807692 0.7026619062499999 0.4152474326923077 0.7012531153846153 0.41377615384615385 0.6986320240384616
4 0.4461528149038462 0.7125971177884616 0.4287090168269231 0.7123070192307692 0.4275318846153846 0.7145375384615384 0.44685301923076926 0.7159261538461539 0.4461528149038462 0.7125971177884616
4 0.660730997596154 0.6977721826923078 0.6421622884615386 0.6967379855769231 0.6417077403846154 0.7010227043269232 0.661054983173077 0.7009240120192307 0.660730997596154 0.6977721826923078
4 0.6095127716346154 0.7199203509615385 0.6141914519230769 0.7126980528846154 0.6073823245192307 0.7116330288461538 0.6019251057692308 0.719988216346154 0.6095127716346154 0.7199203509615385
4 0.48662018509615385 0.7194474831730768 0.4863521514423077 0.7131085649038462 0.4802544134615384 0.7147351586538462 0.482429625 0.7204728076923076 0.48662018509615385 0.7194474831730768
4 0.2114312980769231 0.6864420985576923 0.22734786298076923 0.6872981995192308 0.2289123966346154 0.6846074711538462 0.2141468485576923 0.6830081586538461 0.2114312980769231 0.6864420985576923
4 0 0.5836814423076923 0.002313064903846154 0.5847270817307693 0.006887300480769231 0.5834540216346153 0 0.5803130576923077 0 0.5836814423076923
4 0.07116533413461539 0.5520329086538461 0.07960614182692308 0.5465826971153847 0.07812367307692308 0.5445990264423076 0.07164599278846154 0.5462608798076923 0.06704564663461539 0.5490212524038461 0.07116533413461539 0.5520329086538461
4 0.37027106249999997 0.32466053125000005 0.3543694158653846 0.3229545360576923 0.3523801754807692 0.32823020192307695 0.37320615384615385 0.33032765625 0.37027106249999997 0.32466053125000005
4 0.5244740841346154 0.22698254326923079 0.5109192427884616 0.22124045432692308 0.5021805552884615 0.22205153125 0.5220825192307692 0.23356831009615384 0.5244740841346154 0.22698254326923079
4 0.7678061850961538 0.6053168485576923 0.7549105096153846 0.6052409951923077 0.7548545576923077 0.6084280865384616 0.7658281346153846 0.6099550985576923 0.7678061850961538 0.6053168485576923
4 0.20502995192307694 0.46769744951923076 0.2002249855769231 0.4605068677884615 0.18997771875 0.4608215841346154 0.19742363461538462 0.46882767788461543 0.20502995192307694 0.46769744951923076