3 0.9301652283653846 1 0.9363085000000001 0.9676245024038461 0.9241651826923077 0.9636998461538462 0.90915340625 0.9545159350961538 0.8682206610576924 0.9596799254807693 0.8115092908653847 0.97328553125 0.757377064903846 0.9868830192307693 0.7269011298076923 0.9946715552884615 0.7219054014423077 1 0.9301652283653846 1
4 0.5379145120192308 0.7001490600961537 0.5188555817307692 0.6953137283653846 0.49564327884615383 0.6953867764423076 0.48313423798076927 0.7001815865384615 0.47576438701923074 0.7084568701923076 0.4841987860576923 0.7319278173076923 0.4894889206730769 0.7549890552884615 0.5035936153846154 0.779141483173077 0.5443842572115385 0.8188749230769231 0.5697997355769231 0.83096328125 0.599088125 0.832829235576923 0.6137896225961538 0.8232720841346153 0.60738415625 0.8060887259615386 0.5909998822115384 0.7837617283653846 0.5588262644230769 0.75295259375 0.5522316514423077 0.723181891826923 0.5379145120192308 0.7001490600961537
4 0.5181488197115385 0.8246919927884615 0.5963091177884615 0.8033262572115384 0.5604410216346154 0.7784031201923077 0.5334662259615385 0.7779285456730769 0.47818465624999995 0.7941871081730769 0.5181488197115385 0.8246919927884615
3 0.5290198413461538 0.42100453365384616 0.5502521298076923 0.42457423317307696 0.5878854711538462 0.4096300048076923 0.6064556875 0.40006067788461536 0.6200269447115385 0.3896678870192308 0.5937998966346154 0.37506449519230767 0.5707893269230769 0.35709419471153847 0.5528755408653846 0.3598080240384615 0.517275329326923 0.3708296033653846 0.4914456778846154 0.37790419230769234 0.4868823221153846 0.39176528365384616 0.4924081947115385 0.3999999879807692 0.4847578822115385 0.4029612475961538 0.48457944471153847 0.40729765625 0.5055079735576923 0.4192602716346154 0.5127334038461538 0.41853820192307695 0.5103326923076923 0.4142099134615385 0.5212675 0.41431536538461533 0.5290198413461538 0.42100453365384616
4 0.6024635144230769 0.35657492067307694 0.5667994783653846 0.3509526514423077 0.5458816610576923 0.3559137836538462 0.5325228461538462 0.36518698317307696 0.5529286538461539 0.35952812500000003 0.5734215793269231 0.35680618269230774 0.5929883221153847 0.37254945913461535 0.6009232932692308 0.3646919951923077 0.6024635144230769 0.35657492067307694
3 0.8621287908653846 0.39408103365384617 0.8758742932692307 0.3895620673076923 0.8881028701923076 0.37945323076923076 0.8863054831730769 0.36854934134615386 0.8809389447115384 0.35947493990384616 0.8666516201923078 0.34986914903846156 0.8312489423076923 0.35305761298076926 0.8118671514423077 0.3601119086538462 0.800363028846154 0.36979886298076925 0.8165921658653846 0.3827553269230769 0.8119798966346153 0.3866860889423077 0.8621287908653846 0.39408103365384617
4 0.6289850192307692 0.21340854807692308 0.6020526201923077 0.19573032451923078 0.5898622451923077 0.1988457379807692 0.6159639711538462 0.21750564182692309 0.6289850192307692 0.21340854807692308
4 0.6299857427884615 0.22851092788461538 0.6229387524038461 0.22489658653846153 0.6218574302884616 0.23399128125 0.6299857427884615 0.22851092788461538
4 0.09449635576923078 0.571469125 0.09220186538461538 0.5665810336538462 0.05828210336538461 0.5721425528846154 0.06264372836538462 0.5763248052884615 0.09449635576923078 0.571469125
4 0.6429205456730769 0.7784232908653846 0.6196169278846154 0.7857696586538462 0.6567829831730769 0.7902682740384616 0.6560287139423077 0.7772631129807692 0.6429205456730769 0.7784232908653846
4 0.9017878245192308 0.17828287259615383 0.8961515360576923 0.18081819711538463 0.8919450528846155 0.18600647596153846 0.89596890625 0.1953648341346154 0.9025761009615384 0.19450484615384617 0.9000011538461539 0.18430273317307694 0.9050723221153846 0.18134958894230768 0.9017878245192308 0.17828287259615383