4 0.37457405528846155 0.19800543509615384 0.38629550480769226 0.18323586778846154 0.39407778605769234 0.16838228365384617 0.39705042548076924 0.15846945432692308 0.3261073701923077 0.16384033173076923 0.25224666346153846 0.17489175721153846 0.23061665625 0.1927999423076923 0.2271291153846154 0.21201539423076923 0.37457405528846155 0.19800543509615384
1 0.518162014423077 0.41491265625 0.4912157451923077 0.42269441586538464 0.46561266586538463 0.4352168389423077 0.44643474759615387 0.45163119711538463 0.4247836466346154 0.4790734110576923 0.42774235817307693 0.4926467596153846 0.43719252163461536 0.5076470072115384 0.4645071778846154 0.518978875 0.4854290625 0.5186520384615385 0.5168252548076923 0.5138365769230769 0.5390718725961539 0.5025310072115384 0.5650290096153846 0.48121790625 0.5804003485576923 0.45978946875000004 0.5842039086538462 0.4386665 0.5763734014423076 0.4203140336538462 0.5750965048076924 0.4131083317307693 0.5634454903846154 0.41322796153846153 0.5420241466346154 0.4124397692307692 0.518162014423077 0.41491265625
4 0.07976411538461538 0.5336704615384615 0.08565591586538461 0.531145610576923 0.09967012980769231 0.5284626850961538 0.12849406971153846 0.49351642067307694 0.11018360336538462 0.4787689519230769 0.05262573557692308 0.5114089903846154 0.07976411538461538 0.5336704615384615
3 0.8887664975961538 0.19097086057692308 0.8929610432692308 0.19249601682692308 0.897053889423077 0.17811593509615384 0.8927873990384616 0.1781721875 0.8901857692307692 0.18194521634615385 0.8794997716346155 0.17899316826923076 0.8761602572115385 0.18286089663461538 0.8891375096153846 0.18483105769230768 0.8887664975961538 0.19097086057692308
3 0.923589983173077 0.22167909134615385 0.9114847091346154 0.2277526826923077 0.90456725 0.23669787259615382 0.9275419615384616 0.23659888221153846 0.9285563197115384 0.22841129326923076 0.923589983173077 0.22167909134615385
3 0.9788916682692308 0.34949412740384617 0.9750187956730769 0.34694507932692303 0.9650382908653847 0.35166510817307695 0.9664534230769231 0.3548243677884615 0.9756693004807692 0.3588494423076923 0.9846847860576923 0.35720109375 0.9908982572115386 0.35365235096153846 0.99487546875 0.3468532115384615 0.9902703557692308 0.3452824855769231 0.9847947692307693 0.34873653125000004 0.9788916682692308 0.34949412740384617
3 0.73470221875 0.82516978125 0.7426483581730768 0.8359413052884614 0.7515806033653847 0.8341071177884616 0.7601629230769231 0.8288787019230769 0.7660038725961538 0.818401235576923 0.7748359206730769 0.8137303341346154 0.7662196995192307 0.8136570024038462 0.7598114903846154 0.8124159471153847 0.7507014591346154 0.8121112091346153 0.7333251274038461 0.8151273677884615 0.7345018317307692 0.8194963581730769 0.7447433653846154 0.8171010937500001 0.7491819927884615 0.8183001418269231 0.7404218822115385 0.8213896298076923 0.73470221875 0.82516978125
3 0.6251271899038462 0.7303593389423076 0.6218539687500001 0.73176203125 0.6300272355769232 0.7395565745192307 0.6251271899038462 0.7303593389423076
3 0.6901916514423078 0.7937395673076922 0.6915348413461538 0.7984802331730769 0.6881953269230769 0.8023479663461538 0.6905035336538461 0.8040169495192308 0.6974379447115384 0.7977226346153846 0.6952736201923078 0.7928908269230769 0.6901916514423078 0.7937395673076922
3 0.5250170985576923 0.9223373221153846 0.5326061490384615 0.9157624687499999 0.5290436466346153 0.9104222740384615 0.5278782427884615 0.9078205312500001 0.5343414471153847 0.9048293052884616 0.5418868076923077 0.9042539831730768 0.5412928076923077 0.9011858629807693 0.5293257716346154 0.9032130120192308 0.5214756826923077 0.9074631033653847 0.516588451923077 0.9131016394230769 0.52421140625 0.9118285288461538 0.5274352884615385 0.9155417427884616 0.5230362139423077 0.9205280673076923 0.5250170985576923 0.9223373221153846
3 0.5463536850961538 0.9098711514423077 0.5497666538461539 0.9174905384615385 0.5516910384615384 0.9104635528846153 0.5510800841346154 0.9047445576923077 0.55488515625 0.8966901153846153 0.5465638629807692 0.9042432956730769 0.5463536850961538 0.9098711514423077
3 0.7653780913461539 0.3484006514423077 0.7613839326923078 0.3525489158653846 0.7529454951923077 0.35461451682692313 0.7512425937499999 0.3577808966346154 0.763614545673077 0.35491569230769227 0.7759978004807693 0.3538177355769231 0.7830000120192308 0.3581269110576923 0.7872269519230769 0.3518852860576923 0.7835868533653846 0.3472428798076923 0.7859993918269231 0.3395636778846154 0.7851387115384616 0.33328716826923077 0.7769993461538461 0.33079437259615385 0.7781971394230769 0.32562933413461537 0.7720669134615386 0.3293639134615385 0.77044725 0.33271613701923075 0.763007733173077 0.3370117980769231 0.7609775072115385 0.3403184471153846 0.7633026634615384 0.34463830769230774 0.7653780913461539 0.3484006514423077
3 0.8419105216346154 0.4600291826923077 0.848990326923077 0.4636405745192308 0.8540666490384615 0.4619082091346154 0.8523185432692307 0.4580055913461539 0.8474523990384615 0.4541101057692308 0.8483228725961538 0.4490853341346154 0.8438066538461538 0.4485840721153846 0.8421150480769231 0.45351770432692307 0.8393680264423077 0.44738502403846153 0.8433339350961538 0.4388186346153846 0.8326155432692308 0.4436333653846154 0.82930428125 0.45191921634615384 0.82917734375 0.4577329110576923 0.8329726274038461 0.46097974519230767 0.8419105216346154 0.4600291826923077
3 0.8556026754807693 0.40697966826923077 0.8522688076923076 0.4117310216346154 0.8532903269230769 0.41749558173076917 0.8671056658653846 0.42220775961538465 0.8848093173076923 0.41905132932692307 0.8841320721153847 0.41579737259615385 0.8687196754807692 0.41797191346153845 0.8564633557692307 0.4132561754807692 0.8593753533653847 0.4066920072115385 0.8556026754807693 0.40697966826923077
3 0.6984345096153847 0.49160980528846154 0.6959428629807692 0.4869182692307692 0.6837923918269231 0.48592286778846155 0.6828119350961538 0.4994122019230769 0.6977983245192309 0.5076097427884615 0.7139979519230769 0.5002245961538462 0.7071565745192309 0.49540347115384614 0.6984345096153847 0.49160980528846154
3 0.7185454447115384 0.5312810336538462 0.7238658437500001 0.5292225576923077 0.7300567115384615 0.5221393173076924 0.7305603149038462 0.5110694495192308 0.7249238918269231 0.5150354375 0.7252244735576923 0.5235455745192308 0.7195104615384615 0.5282093509615385 0.7162978798076923 0.5262633870192308 0.7183055024038462 0.519422235576923 0.7142774447115384 0.5182687596153847 0.7123869615384616 0.5305974927884616 0.7185454447115384 0.5312810336538462
3 0.43679365144230775 0.5607591658653847 0.44520534615384616 0.5673439783653846 0.44140027163461537 0.5753984182692308 0.4493505504807693 0.5739850408653846 0.45281135096153846 0.5634199951923077 0.4429238798076923 0.5570245841346154 0.43679365144230775 0.5607591658653847
3 0.42149045432692306 0.4516881778846154 0.4364922860576923 0.4494680673076923 0.43901066826923074 0.4455092019230769 0.4299062908653846 0.44608808894230767 0.44506895673076924 0.44335603124999995 0.44708223076923076 0.43739850480769227 0.4382769206730769 0.433419 0.4341656177884615 0.4320796826923077 0.4305876730769231 0.43715714182692306 0.4233470336538462 0.4340576995192308 0.41919768509615385 0.43960153846153843 0.42493995192307693 0.43935588461538466 0.4365740168269231 0.4365853798076923 0.4416785889423077 0.43927113942307694 0.4319308653846154 0.4418978100961538 0.42587822596153846 0.4449346081730769 0.41728460576923077 0.4483957764423077 0.4102556538461538 0.4527370048076923 0.41560430288461536 0.45509665625 0.42149045432692306 0.4516881778846154
3 0.4123694014423077 0.11601986778846154 0.42821910336538466 0.10524049278846154 0.4465321971153846 0.09473453125 0.44436787740384615 0.08990272596153846 0.42908957451923074 0.10021572596153847 0.41778848076923075 0.10372958413461539 0.4169956009615384 0.10805656730769231 0.40972822115384616 0.11360752644230769 0.4123694014423077 0.11601986778846154
3 0.13877554807692308 0.5486970072115385 0.1233914014423077 0.555289670673077 0.12621601682692307 0.5607245625 0.1381491514423077 0.5533956658653846 0.13877554807692308 0.5486970072115385