2 0.2519314375 0.5367103341346154 0.24775867548076924 0.5207574302884616 0.2506250528846154 0.5163733269230769 0.24871186057692307 0.5082013413461538 0.24281030769230771 0.48999091346153845 0.19698258653846154 0.5137953605769231 0.2113567572115385 0.5622374543269231 0.25280859855769233 0.5418426634615384 0.2519314375 0.5367103341346154
3 0.18833607932692306 0.5484303870192307 0.20054230288461536 0.5503389591346154 0.20642768269230768 0.5479037427884615 0.20520413701923076 0.5431624735576923 0.20060896634615383 0.5452890480769231 0.18931480048076924 0.5438814350961538 0.18833607932692306 0.5484303870192307
4 0.26769934375 0.4875300168269231 0.2643245985576923 0.4986106995192308 0.25265228125 0.49801268269230764 0.24896916346153847 0.50064021875 0.24855611778846154 0.5060811899038462 0.2527668894230769 0.5131898846153846 0.24939526682692306 0.5200577283653847 0.25306278125000004 0.538494375 0.2602607884615385 0.5479704927884615 0.2697626153846154 0.5479576538461539 0.2788576370192308 0.5449601105769231 0.2831095408653846 0.5390117596153846 0.2841549278846154 0.5294129038461539 0.2844757764423077 0.5210147043269231 0.29045959615384614 0.5131110480769231 0.2939583125 0.5045690576923076 0.29418384134615383 0.49742646634615384 0.289525125 0.5003901153846153 0.2829563413461539 0.4909689423076923 0.27729337259615383 0.4904744038461538 0.2733972067307692 0.48339318509615387 0.26769934375 0.4875300168269231
4 0.5678163870192308 0.8811218749999999 0.5812174975961539 0.8839774182692307 0.60273803125 0.8841715336538462 0.6013300865384615 0.8735158076923076 0.5847162139423077 0.8754354302884615 0.5686711322115385 0.8740342379807693 0.5678163870192308 0.8811218749999999
4 0.6207493365384615 0.8221264975961537 0.6130653798076924 0.8315669278846154 0.6168662235576924 0.8399037572115385 0.6313158461538462 0.8289476057692308 0.6277978365384616 0.8210567884615384 0.6207493365384615 0.8221264975961537
4 0.5905456802884615 0.7360693076923077 0.5757303846153846 0.7309837067307693 0.5737760625 0.7358687716346155 0.5894716394230769 0.7418738629807693 0.5905456802884615 0.7360693076923077
3 0.6629501009615384 0.7251185336538462 0.6547228822115384 0.7458869206730768 0.6603827331730769 0.7505942932692308 0.6668811562499999 0.7275683846153846 0.6629501009615384 0.7251185336538462
4 0.60649659375 0.8221457596153846 0.6008653966346154 0.8212326802884615 0.5980052620192308 0.8171911153846154 0.5852140697115384 0.7979577115384615 0.5770628774038461 0.8010376754807692 0.5770821706730769 0.8174704831730769 0.5678980745192308 0.8132979615384616 0.5610719855769231 0.811437920673077 0.5579196514423077 0.8195888461538462 0.5590796514423076 0.8251671899038461 0.5578467451923077 0.8330644254807692 0.5698654495192308 0.8332713798076923 0.5801871346153846 0.8308022716346154 0.5789386322115384 0.8597636899038462 0.6105173052884616 0.8734754951923077 0.6205592764423078 0.8663475384615384 0.60649659375 0.8221457596153846
4 0.9260121033653845 0.8100240600961539 0.9165358052884615 0.8180440360576923 0.9177848870192308 0.8307924423076922 0.9205179350961538 0.8365081586538461 0.9284118221153845 0.8409893173076923 0.9260121033653845 0.8100240600961539
4 0.5810838317307693 0.6396054495192308 0.5783034158653846 0.6553724543269231 0.5832736201923077 0.6566491153846153 0.5847955985576923 0.6407722163461538 0.5810838317307693 0.6396054495192308
4 0.239279 0.6700035745192309 0.2510372860576923 0.6819844927884616 0.25440578846153844 0.6793294807692308 0.24409658413461538 0.6649472475961539 0.239279 0.6700035745192309