3 0.8404947908653846 0.78369140625 0.53515625 0.8642578125 0.541015625 0.8720703125 0.8463541658653846 0.79150390625 0.8404947908653846 0.78369140625
4 0.5247395841346154 0.94970703125 0.5162760408653846 0.96435546875 0.5162760408653846 0.97412109375 0.5572916658653846 0.955078125 0.5423177091346154 0.94775390625 0.5247395841346154 0.94970703125
4 0.6979166658653846 0.66845703125 0.7213541658653846 0.65771484375 0.6803385408653846 0.63134765625 0.6595052091346154 0.64453125 0.6588541658653846 0.73095703125 0.6842447908653846 0.74658203125 0.6822916658653846 0.66064453125 0.6979166658653846 0.66845703125
4 0.701171875 0.67041015625 0.6875 0.67041015625 0.6888020841346154 0.7109375 0.701171875 0.67041015625
3 0.6106770841346154 0.54541015625 0.607421875 0.53955078125 0.59375 0.5400390625 0.5651041658653846 0.57470703125 0.5540364591346154 0.572265625 0.55859375 0.55810546875 0.5475260408653846 0.5673828125 0.5520833341346154 0.57958984375 0.568359375 0.57958984375 0.6106770841346154 0.54541015625
3 0.46744791586538464 0.40283203125 0.48046875 0.4130859375 0.5266927091346154 0.41552734375 0.5286458341346154 0.39404296875 0.513671875 0.37255859375 0.48697916586538464 0.37255859375 0.47916666586538464 0.38427734375 0.47265625 0.38427734375 0.46744791586538464 0.40283203125
2 0.41861979086538464 0.5234375 0.43294270913461536 0.48583984375 0.38736979086538464 0.50390625 0.380859375 0.5 0.35416666586538464 0.50048828125 0.34375 0.47607421875 0.32291666586538464 0.43798828125 0.2858072908653846 0.4296875 0.28515625 0.435546875 0.2994791658653846 0.439453125 0.2838541658653846 0.45361328125 0.32552083413461536 0.50439453125 0.36393229086538464 0.53515625 0.3828125 0.51904296875 0.41861979086538464 0.5234375
4 0.169921875 0.5439453125 0.16666666586538462 0.53515625 0.185546875 0.521484375 0.14973958413461538 0.51953125 0.12434895913461538 0.51318359375 0.11197916586538462 0.52587890625 0.12434895913461538 0.5478515625 0.138671875 0.54638671875 0.15885416586538462 0.55078125 0.169921875 0.5439453125
4 0.17122395913461538 0.4130859375 0.21875 0.4384765625 0.23046875 0.42919921875 0.18424479086538462 0.39794921875 0.17122395913461538 0.4130859375
3 0.294921875 0.20556640625 0.30859375 0.21044921875 0.322265625 0.20654296875 0.328125 0.19580078125 0.34505208413461536 0.197265625 0.35872395913461536 0.1875 0.353515625 0.17626953125 0.34440104086538464 0.17236328125 0.32356770913461536 0.18212890625 0.31315104086538464 0.1826171875 0.3040364591346154 0.19384765625 0.2845052091346154 0.19384765625 0.2916666658653846 0.20068359375 0.294921875 0.20556640625
4 0.708984375 0.51708984375 0.7311197908653846 0.51806640625 0.732421875 0.50732421875 0.7154947908653846 0.50390625 0.6985677091346154 0.50244140625 0.697265625 0.49365234375 0.689453125 0.49609375 0.6790364591346154 0.49609375 0.6764322908653846 0.51123046875 0.689453125 0.5126953125 0.708984375 0.51708984375
4 0.6744791658653846 0.89697265625 0.6783854158653846 0.91162109375 0.7109375 0.904296875 0.7057291658653846 0.8916015625 0.6744791658653846 0.89697265625
4 0.5481770841346154 0.7421875 0.552734375 0.75 0.607421875 0.7265625 0.6165364591346154 0.71923828125 0.6126302091346154 0.71533203125 0.5481770841346154 0.7421875
4 0.12825520913461538 0.13232421875 0.130859375 0.14453125 0.142578125 0.14111328125 0.142578125 0.126953125 0.12825520913461538 0.13232421875