3 0.7336189519230769 0.24966397836538462 0.7379032259615385 0.25 0.7530241947115385 0.23118279567307692 0.7497479831730769 0.22580645192307694 0.7336189519230769 0.24966397836538462
4 0.10332661298076923 0.12432795673076923 0.09778225721153846 0.12231182692307693 0.08618951682692308 0.12634408653846155 0.09375 0.1730510745192308 0.10231854807692307 0.1727150528846154 0.10836693509615383 0.17036290384615385 0.10332661298076923 0.12432795673076923
4 0.02948588701923077 0.4351478485576923 0.02520161298076923 0.5715725817307692 0.03150201682692308 0.5685483870192308 0.03427419471153846 0.4351478485576923 0.02948588701923077 0.4351478485576923
4 0.23790322596153846 0.9002016129807693 0.23588709615384615 0.9059139783653846 0.23185483894230768 0.9065860216346154 0.23387096875 0.8894489254807693 0.2316028221153846 0.8793682788461539 0.21698588701923077 0.8897849471153846 0.22681451682692308 0.9156586009615384 0.23790322596153846 0.9294354831730769 0.24571572596153846 0.9210349471153846 0.23790322596153846 0.9002016129807693
3 0.7381552427884616 0.9049059134615385 0.7258064519230769 0.9075940865384615 0.7363911298076923 0.96337365625 0.7424395168269231 0.9670698918269232 0.7482358870192307 0.9637096778846155 0.7381552427884616 0.9049059134615385
3 0.6257560480769231 0.6955645168269231 0.6305443557692307 0.7002688173076923 0.6318044350961538 0.6952284951923077 0.6257560480769231 0.6885080649038462 0.6257560480769231 0.6955645168269231
3 0.4609375 0.7137096778846155 0.46144153125 0.71875 0.46698588701923077 0.7167338701923077 0.46471774278846156 0.7069892475961539 0.4609375 0.7137096778846155
3 0.4390120961538461 0.63037634375 0.4266633052884616 0.6179435480769231 0.41910282211538463 0.6347446225961538 0.41809475721153844 0.6394489254807693 0.42716733894230774 0.6475134399038461 0.4390120961538461 0.63037634375
3 0.3445060480769231 0.6323924735576922 0.34274193509615386 0.6418010745192307 0.3492943557692308 0.64012096875 0.3445060480769231 0.6323924735576922
3 0.2689012091346154 0.9260752692307693 0.26537298317307695 0.9338037644230769 0.26990927403846154 0.9391801081730768 0.27394153125 0.9324596778846155 0.2689012091346154 0.9260752692307693
3 0.1464213701923077 0.8229166658653846 0.14616935576923076 0.7876344086538462 0.1373487908653846 0.7876344086538462 0.13558467788461537 0.7990591394230768 0.12449596875 0.8135080649038462 0.1224798389423077 0.8333333341346154 0.12550403125 0.8363575264423078 0.1439012091346154 0.8393817211538461 0.1464213701923077 0.8229166658653846
3 0.7278225817307693 0.2916666658653846 0.7207661298076923 0.2997311826923077 0.72706653125 0.3014112908653846 0.7326108870192307 0.29334677403846154 0.7278225817307693 0.2916666658653846
4 0.4092741947115384 0.5198252692307692 0.37449596875 0.5386424735576922 0.37323588701923077 0.5446908605769231 0.3765120961538461 0.5443548389423077 0.37600806490384614 0.5618279567307692 0.3770161298076923 0.5853494615384616 0.3828125 0.5860215048076923 0.4070060480769231 0.574932795673077 0.4352318557692308 0.5547715048076923 0.43346774278846156 0.5514112908653847 0.4125504038461539 0.5611559134615385 0.41305443509615386 0.5272177427884616 0.41154233894230774 0.5194892475961539 0.40952620913461535 0.5278897860576923 0.40725806490384614 0.5645161298076923 0.38029233894230774 0.5816532259615385 0.3813004038461539 0.5433467740384615 0.40801411298076923 0.5275537644230769 0.4092741947115384 0.5198252692307692
4 0.10861895192307693 0.5604838701923077 0.11013104807692307 0.5530913990384616 0.10861895192307693 0.5309139783653847 0.10231854807692307 0.5299059134615385 0.09425403125 0.5315860216346153 0.09753024278846154 0.5762768822115384 0.10987903125 0.5756048389423077 0.1068548389423077 0.5705645168269231 0.10861895192307693 0.5604838701923077
4 0.20136088701923077 0.8420698918269232 0.19934475721153846 0.8232526875 0.16280241826923078 0.8363575264423078 0.16381048317307692 0.8487903221153845 0.16557459615384615 0.8558467740384615 0.20136088701923077 0.8420698918269232
4 0.22757056490384614 0.9472446225961538 0.2215221778846154 0.9600134399038461 0.24621975721153846 0.9677419350961538 0.24747983894230768 0.9529569903846155 0.22757056490384614 0.9472446225961538
3 0.6938004038461538 0.5769489254807693 0.6983366947115385 0.5816532259615385 0.7016129038461538 0.5769489254807693 0.6973286298076923 0.5719086009615384 0.6938004038461538 0.5769489254807693