4 0.2001953125 0.18033854086538462 0.23095703125 0.17447916586538462 0.2294921875 0.15169270913461538 0.1787109375 0.169921875 0.17822265625 0.17903645913461538 0.18896484375 0.17513020913461538 0.2001953125 0.18033854086538462
3 0.57080078125 0.232421875 0.57421875 0.22526041586538462 0.57275390625 0.21028645913461538 0.5673828125 0.20638020913461538 0.54541015625 0.21419270913461538 0.54248046875 0.22330729086538462 0.54345703125 0.23177083413461538 0.57080078125 0.232421875
3 0.28857421875 0.5416666658653846 0.31591796875 0.544921875 0.3564453125 0.5546875 0.37255859375 0.5436197908653846 0.37939453125 0.5436197908653846 0.3818359375 0.5325520841346154 0.37646484375 0.5286458341346154 0.3623046875 0.5149739591346154 0.34765625 0.5130208341346154 0.32666015625 0.509765625 0.3154296875 0.5065104158653846 0.29736328125 0.5013020841346154 0.287109375 0.5162760408653846 0.287109375 0.5305989591346154 0.28857421875 0.5416666658653846
4 0.0634765625 0.11979166586538462 0.05517578125 0.10416666586538462 0.044921875 0.107421875 0.04931640625 0.11979166586538462 0.05029296875 0.14192708413461538 0.06884765625 0.12630208413461538 0.0634765625 0.11979166586538462
3 0.4345703125 0.466796875 0.4326171875 0.45052083413461536 0.43359375 0.43424479086538464 0.4267578125 0.43098958413461536 0.4189453125 0.43294270913461536 0.4111328125 0.435546875 0.3935546875 0.44270833413461536 0.3896484375 0.46484375 0.39892578125 0.47721354086538464 0.416015625 0.478515625 0.4345703125 0.466796875
3 0.3896484375 0.46419270913461536 0.3935546875 0.44401041586538464 0.408203125 0.43684895913461536 0.40087890625 0.43229166586538464 0.388671875 0.43880208413461536 0.369140625 0.46223958413461536 0.38916015625 0.47721354086538464 0.39990234375 0.47786458413461536 0.3896484375 0.46419270913461536
4 0.5478515625 0.6145833341346154 0.55126953125 0.6490885408653846 0.58056640625 0.6276041658653846 0.57861328125 0.609375 0.5478515625 0.6145833341346154
3 0.9271065841346153 0.6154203870192307 0.939453125 0.6164772716346154 0.9345703125 0.6484375 0.9453125 0.6477864591346154 0.98388671875 0.6569010408653846 0.99853515625 0.650390625 0.99951171875 0.6197916658653846 0.9931640625 0.6009114591346154 0.96875 0.6002604158653846 0.9304896754807692 0.5891927091346154 0.92822265625 0.587890625 0.9280133942307691 0.5885416658653846 0.9255371105769231 0.587890625 0.9255859375 0.5864583341346153 0.9230608245192309 0.5872395841346154 0.9229492187499999 0.5850260408653847 0.9203125000000001 0.58359375 0.9205845432692308 0.5865885408653846 0.9181082596153847 0.5859375 0.91767578125 0.5821614591346154 0.9150390625 0.5807291658653846 0.9156319759615384 0.5852864591346154 0.9131556923076923 0.5846354158653846 0.91162109375 0.58203125 0.9106794086538461 0.583984375 0.908203125 0.5833333341346154 0.9013671875 0.6009114591346154 0.90087890625 0.6165364591346154 0.91259765625 0.6360677091346154 0.92626953125 0.6360677091346154 0.9271065841346153 0.6154203870192307
3 0.40787760336538464 0.560546875 0.40836588461538464 0.5590277788461538 0.41097005288461536 0.5594618052884616 0.40999349038461536 0.5625 0.41845703125 0.5703125 0.4208984375 0.5693721057692308 0.42099609375 0.5700520841346154 0.42333984375 0.5684317139423076 0.42353515625000004 0.5697916658653847 0.42578125 0.5674913197115384 0.42607421874999996 0.56953125 0.42822265625 0.5665509254807692 0.42861328125 0.5692708341346153 0.43115234375 0.5690104158653846 0.4306640625 0.5656105336538462 0.435546875 0.5637297451923077 0.443359375 0.5690104158653846 0.46875 0.5690104158653846 0.47021484375 0.560546875 0.4404296875 0.5618489591346154 0.43798828125 0.5627893509615385 0.40576171875 0.55859375 0.40787760336538464 0.560546875
4 0.52001953125 0.09765625 0.47265625 0.1015625 0.47265625 0.11197916586538462 0.4970703125 0.109375 0.52001953125 0.09765625
4 0.87158203125 0.30989583413461536 0.87353515625 0.2994791658653846 0.85986328125 0.2890625 0.853515625 0.2838541658653846 0.82666015625 0.2897135408653846 0.83740234375 0.3053385408653846 0.845703125 0.31380208413461536 0.87158203125 0.30989583413461536