1 0.26336765384615385 0.44852706249999996 0.25765409615384616 0.5054370649038462 0.2649794759615384 0.5036564879807692 0.2695183533653846 0.5087959471153846 0.2915470216346154 0.5087087475961538 0.30008168990384615 0.49730916586538465 0.30970321394230765 0.44772086538461536 0.3072147956730769 0.43548912500000003 0.29216103125 0.4313838485576923 0.2768794326923077 0.42897267067307693 0.26336765384615385 0.44852706249999996
4 0.37633305048076926 0.3794374735576923 0.36804359375 0.40720361778846154 0.3714609375 0.4062559134615385 0.38032870673076924 0.3792075769230769 0.37633305048076926 0.3794374735576923
4 0.25327240384615385 0.5649886225961539 0.2522908125 0.5892226778846154 0.25805649278846154 0.586494639423077 0.25942364663461537 0.5600209278846153 0.25327240384615385 0.5649886225961539
4 0.1938999375 0.3798482331730769 0.1855929014423077 0.41401743990384615 0.19099052884615386 0.4152805649038462 0.19928005528846154 0.3793598485576923 0.1938999375 0.3798482331730769
3 0.41641163221153843 0.45463563221153847 0.422825733173077 0.4514768629807693 0.42435048076923076 0.44076673557692303 0.41853219951923076 0.44639481971153844 0.41641163221153843 0.45463563221153847
1 0.5490924495192308 0.38258762740384616 0.5473926009615384 0.3757826610576923 0.5428711658653846 0.38054928605769234 0.5392084086538461 0.38959414423076927 0.5399268677884616 0.3961694495192308 0.5430287572115385 0.39631286778846153 0.5471997187500001 0.3891343461538461 0.5490924495192308 0.38258762740384616
4 0.732348545673077 0.4644978076923077 0.7259694663461538 0.47115959855769235 0.7270734903846154 0.47549525000000004 0.732348545673077 0.4644978076923077
4 0.09530587740384615 0.3276522283653846 0.11051736778846154 0.3312119423076923 0.11214724759615385 0.32285630048076924 0.10222825 0.3182052259615385 0.09530587740384615 0.3276522283653846
4 0.4407737692307692 0.13298827403846153 0.43386877163461535 0.16049593028846154 0.4391086706730769 0.16230461538461538 0.4442962451923077 0.13439505528846155 0.4407737692307692 0.13298827403846153
4 0.6276037163461539 0.3601874927884615 0.6249398557692308 0.3712135216346154 0.6338249326923078 0.37038040865384614 0.6369794855769231 0.35946920913461533 0.6276037163461539 0.3601874927884615
4 0.5534009855769231 0.6911403509615385 0.5560471322115385 0.7028265312499999 0.5594469639423078 0.7001273197115385 0.5563802331730769 0.6871777740384615 0.5534009855769231 0.6911403509615385
4 0.05448658173076923 0.8149473028846154 0.06680651201923077 0.8149179975961538 0.07006626201923077 0.7982067115384616 0.06000704807692307 0.7958527043269231 0.05448658173076923 0.8149473028846154