3 0.40927948317307694 0.7137969014423077 0.4057969519230769 0.7168891322115385 0.39827962259615385 0.7220499567307692 0.3976218173076923 0.72679759375 0.3944365360576923 0.7292473846153846 0.3879393485576923 0.7410724927884615 0.3858164254807692 0.7478780576923078 0.3907438653846154 0.7516407091346153 0.39966390144230773 0.7556432716346154 0.40732986057692305 0.7501612307692308 0.41006837980769234 0.7409165336538461 0.4163114206730769 0.7351839158653846 0.418837110576923 0.7219646418269231 0.42314716826923077 0.7126493052884615 0.41964264182692307 0.7091372307692307 0.4142482307692308 0.7074924903846154 0.40927948317307694 0.7137969014423077
4 0.3238583341346154 0.8496376923076923 0.3222225913461539 0.8454125408653846 0.3159373389423077 0.8534536682692307 0.31871985576923073 0.8574175817307693 0.3238583341346154 0.8496376923076923
3 0.5513412067307693 0.22050661057692308 0.5515329302884615 0.2256354423076923 0.5569695480769231 0.2249716778846154 0.5602392451923077 0.2179048701923077 0.5577750769230769 0.21214426442307693 0.5538888942307693 0.21389164182692305 0.5513412067307693 0.22050661057692308
3 0.4145199014423077 0.669211514423077 0.41245939423076927 0.6647957620192309 0.4068108389423077 0.6692435096153846 0.4093172163461538 0.6726956057692307 0.4145199014423077 0.669211514423077
4 0.2820326033653846 0.7637617692307692 0.2744510625 0.764626798076923 0.271903375 0.771241766826923 0.27296573317307693 0.7755975408653846 0.28169404567307693 0.7744712716346154 0.2820326033653846 0.7637617692307692
2 0.4071875 0.8047923533653846 0.4090553870192308 0.7963207163461538 0.3997105841346154 0.7921275552884615 0.3908767475961538 0.79902509375 0.4071875 0.8047923533653846
2 0.5634383100961539 0.51919309375 0.5670685625 0.5080210865384616 0.5490596514423077 0.5092499903846154 0.5423074326923077 0.5194090264423077 0.5560062836538461 0.5274954615384615 0.5586603870192308 0.52286778125 0.56503184375 0.5257267548076923 0.5634383100961539 0.51919309375
4 0.5299066538461539 0.5340158100961538 0.5343029134615385 0.5356005721153847 0.5409285120192308 0.5323670576923077 0.5382093076923077 0.5249403846153846 0.5426890913461538 0.5141495745192308 0.5322837211538461 0.5211177548076923 0.5299066538461539 0.5340158100961538
4 0.6586824951923076 0.2989291610576923 0.65655778125 0.2902176129807692 0.6569183389423077 0.2861124158653846 0.6475735360576922 0.2819192548076923 0.6352764903846153 0.27523764903846154 0.6369764399038461 0.28375860096153843 0.6373176802884615 0.2963247740384615 0.6436680360576923 0.300338 0.6586824951923076 0.2989291610576923
4 0.6185679759615385 0.13507579807692308 0.6149148317307692 0.13188494230769232 0.6094791081730769 0.14030726442307692 0.6126863870192307 0.1444617764423077 0.6185679759615385 0.13507579807692308
3 0.7219647740384616 0.07790018990384615 0.7160822884615385 0.07952761298076923 0.712728173076923 0.09121143509615384 0.7176556105769231 0.09497408413461539 0.7247701778846154 0.09622696634615384 0.7293361682692308 0.09633625721153846 0.7213500721153847 0.088097875 0.7219647740384616 0.07790018990384615
4 0.35526401682692305 0.6309852235576923 0.3499118125 0.6270319759615385 0.34362656009615383 0.6350731009615385 0.3484264807692308 0.63800271875 0.35526401682692305 0.6309852235576923
4 0.22862683653846153 0.8115607043269232 0.21688386298076923 0.8214198509615385 0.2178829110576923 0.8292383846153846 0.2231498004807692 0.8300500937499999 0.2286497283653846 0.8259235649038461 0.22862683653846153 0.8115607043269232
3 0.2886989855769231 0.9300622764423078 0.2927988966346154 0.9400480360576923 0.3049042139423077 0.9416008076923077 0.3161995336538462 0.9171882019230769 0.3120996225961538 0.9072024423076923 0.30566396153846154 0.9000476706730769 0.2886989855769231 0.9300622764423078
4 0.35349164423076923 0.9153021875 0.3501990552884615 0.9080061322115385 0.34612203605769226 0.912383235576923 0.3388386370192308 0.9203643846153846 0.34049637740384614 0.93119384375 0.3345303701923077 0.9451968365384615 0.3404559567307693 0.9490194663461539 0.3446384951923077 0.9388710961538462 0.3504989807692308 0.9306393701923077 0.35950254326923076 0.9222663581730769 0.35349164423076923 0.9153021875
4 0.4341303966346154 0.744343295673077 0.4297772379807692 0.7482085817307692 0.42402316346153845 0.7584275961538461 0.4289717067307692 0.7610359927884616 0.43313313942307696 0.752041875 0.4383569278846154 0.74740353125 0.4341303966346154 0.744343295673077
0 0.46362866586538465 0.5597466442307693 0.45844618990384617 0.5543179230769231 0.4540086177884615 0.5628002235576923 0.45927550961538466 0.5636119302884615 0.46362866586538465 0.5597466442307693
4 0.5151270216346154 0.54600353125 0.523726923076923 0.5362856682692307 0.512365608173077 0.540885360576923 0.5151270216346154 0.54600353125