3 0.3319552211538461 0.14097549038461538 0.32808007211538465 0.022941593750000003 0.30912742307692304 0.02161629567307692 0.31494674999999994 0.13835889903846155 0.3319552211538461 0.14097549038461538
4 0.3890929711538461 0.05620167307692307 0.3740712884615384 0.05397071875 0.35850061298076924 0.06601283413461538 0.3504351658653846 0.09046762259615385 0.3547460841346154 0.10910772596153848 0.3621168677884615 0.11944006971153846 0.380749875 0.1244262139423077 0.39397150721153845 0.11398238221153846 0.40292328846153846 0.09312335096153847 0.4028274543269231 0.07393190384615385 0.3890929711538461 0.05620167307692307
3 0.39661681490384615 0.12202802644230769 0.40966786057692306 0.15195100240384615 0.4380094735576923 0.18826559375000002 0.44245237019230765 0.18364999999999998 0.4327848365384615 0.1605464639423077 0.4377630384615384 0.1389161610576923 0.4194101466346154 0.11549628365384615 0.40448183173076924 0.10712075240384615 0.39661681490384615 0.12202802644230769
3 0.5212033485576923 0.03644608894230769 0.47194043509615385 0.2756514206730769 0.4798875985576923 0.27719395913461536 0.5308778509615385 0.03715941826923077 0.5305813100961538 0.03710186057692308 0.5212033485576923 0.03644608894230769
4 0.2711040168269231 0.2770691009615385 0.2694956322115385 0.30277720432692307 0.27967109134615387 0.30338276682692306 0.28911956971153846 0.28262014423076925 0.2897731634615385 0.23960810576923078 0.27844248798076926 0.23124612980769232 0.2731792451923077 0.22063811538461536 0.27159824759615386 0.2518294855769231 0.2711040168269231 0.2770691009615385
4 0.3938504807692308 0.38785666826923076 0.42878113701923076 0.40216887740384616 0.42708815144230766 0.38609114663461536 0.39639995913461534 0.3767108653846154 0.3938504807692308 0.38785666826923076
3 0.48123257692307697 0.9936977043269231 0.48987686778846157 0.9857891346153846 0.48833201201923077 0.9745333701923078 0.4774295817307692 0.952559625 0.46462250240384617 0.9466500552884616 0.45557488701923077 0.9483176394230769 0.4281469927884615 0.9210820769230769 0.4063172139423077 0.8969873413461538 0.3956176778846154 0.8908021009615384 0.3904639615384615 0.9021271658653846 0.43733151682692306 0.94683084375 0.4514008725961538 0.9570938870192307 0.4525834735576923 0.9703335745192307 0.4587056682692308 0.9790540769230769 0.46725658894230765 0.9772900841346155 0.47780799278846153 0.9786533629807692 0.48123257692307697 0.9936977043269231
3 0.6561131634615385 0.6813568870192307 0.6615403798076923 0.6822146634615385 0.6589622884615385 0.6752091875 0.6592390673076923 0.6685295865384616 0.6649488076923077 0.6691813485576923 0.6793555096153846 0.6603537259615385 0.6830851201923077 0.6740710865384615 0.6853796730769232 0.6722078918269231 0.6853333317307692 0.6709125552884616 0.6876742307692307 0.6703446971153847 0.6875815456730769 0.6677540216346153 0.6899687860576923 0.6684815 0.7473327067307692 0.6219016322115384 0.7465867860576924 0.6191581586538462 0.7489879014423076 0.617686891826923 0.7496272644230769 0.6200384375 0.7542163798076923 0.6163120480769231 0.7537901370192308 0.6147443485576923 0.7565109350961539 0.6144488533653847 0.7561912524038461 0.6132730793269231 0.7588054927884615 0.6125856586538462 0.7585923701923077 0.6118018100961539 0.7611000456730769 0.6107224639423077 0.7609934879807692 0.6103305360576923 0.7633946057692308 0.6088592692307693 0.7555681947115385 0.606655423076923 0.7419631466346155 0.6183943245192308 0.7441856682692307 0.6206294302884616 0.7417845504807693 0.622100701923077 0.7396956394230769 0.6203508076923078 0.7393834375 0.6235719711538461 0.7374281298076923 0.6223072908653846 0.7369823197115385 0.6250432427884616 0.7351606225961539 0.6242637740384616 0.7345811995192307 0.6265145120192308 0.7328931129807692 0.6262202572115385 0.7321800841346153 0.6279857812499999 0.7306256081730769 0.6281767403846155 0.7297789663461539 0.6294570528846154 0.726090591346154 0.6320897067307693 0.7249767355769231 0.6323995913461539 0.7238230841346154 0.6340461923076923 0.7225756153846153 0.6338708629807692 0.7215555745192308 0.6360026754807693 0.7201744975961539 0.6353421322115385 0.7192880673076923 0.6379591586538461 0.7177733822115384 0.6368134038461538 0.7170205600961539 0.6399156418269231 0.7153722644230769 0.6382846730769232 0.7147530528846153 0.641872125 0.7129711490384616 0.6397559447115384 0.6817566274038461 0.6588824567307692 0.6563841971153846 0.6682037067307692 0.6576732427884615 0.6717064447115385 0.6533995528846154 0.6809279951923077 0.6501163365384616 0.6799972620192307 0.6425451177884616 0.6792124399038462 0.6394055721153846 0.6964064086538462 0.6476079302884615 0.6993679735576923 0.6519163822115386 0.6926720528846153 0.6507163533653847 0.6842221923076923 0.6561131634615385 0.6813568870192307
3 0.5917975048076923 1 0.5898064591346154 0.9990227139423078 0.588885625 0.9956158990384616 0.5912299975961539 0.9959209495192307 0.6111595288461539 0.9524962451923076 0.593973076923077 0.9142383966346154 0.5773953173076923 0.9233460625000001 0.5678373100961539 0.9221756009615384 0.5563335841346154 0.9288444134615385 0.5702161995192307 0.9513966129807692 0.5833606153846154 0.9751750120192307 0.5879647908653847 0.9922090841346154 0.5891462932692307 1 0.5917975048076923 1
3 0.4283912307692308 0.6718825072115385 0.40994743028846153 0.6799432307692308 0.41929131490384614 0.6879195721153846 0.41313051201923073 0.6963101899038461 0.4171314735576923 0.7025647283653846 0.45799265625 0.6872145504807693 0.4540166105769231 0.6611072572115385 0.4350487307692308 0.6635883028846153 0.4283912307692308 0.6718825072115385
3 0.40562528365384615 0.6838975168269231 0.4071716658653846 0.6812630480769231 0.4079697644230769 0.6813853533653845 0.4088853846153846 0.683747735576923 0.4105991081730769 0.686232420673077 0.41593764903846153 0.7119194302884615 0.48651334134615387 0.9084448990384615 0.49329159615384616 0.8994893870192308 0.4225951490384615 0.7036252235576923 0.41231282451923074 0.688717108173077 0.41031424759615387 0.6788731899038462 0.41265873076923076 0.6763610264423078 0.4071129110576923 0.6588507211538462 0.3986030649038461 0.6688396201923077 0.40031678365384615 0.6713243052884615 0.40000750721153844 0.6718511971153845 0.4020305048076923 0.6738089903846153 0.4014119519230769 0.6748627764423076 0.4037442259615384 0.6762936754807692 0.4028163966346154 0.6778743557692307 0.40545794471153845 0.6787783629807692 0.4042208413461538 0.6808859375 0.40562528365384615 0.6838975168269231
3 0.27257740865384616 0.7957066298076924 0.2936665216346154 0.795691548076923 0.2987268701923077 0.7905110576923077 0.26979518990384616 0.7602446346153846 0.27257740865384616 0.7957066298076924
3 0.3402115264423077 0.97454253125 0.32196076201923074 0.8970476682692308 0.3146602115384616 0.8842182259615385 0.31258949759615384 0.8835880528846154 0.31613236778846154 0.8726350673076924 0.3091166105769231 0.8688082331730769 0.3073596586538462 0.8713887860576922 0.30677802644230767 0.8675326201923077 0.3058995504807692 0.8688228966346153 0.30443943990384614 0.8662570096153845 0.2793107572115385 0.8771286682692309 0.2881001706730769 0.9173910673076923 0.29066007211538464 0.9178879447115385 0.2888326201923077 0.9207462692307692 0.3107977980769231 0.9222707163461539 0.3089967908653846 0.934246545673077 0.303225625 0.9461365072115384 0.3147044326923077 0.9593204519230769 0.32139178125 0.9818455360576923 0.3402115264423077 0.97454253125
3 0.37591050240384616 0.7452348485576923 0.41556416586538464 0.7364977379807692 0.41105281730769233 0.7274051514423078 0.40181599519230765 0.7160258677884616 0.38954668509615387 0.7184376129807692 0.38529052644230766 0.7107640504807692 0.3769948028846154 0.7139470649038462 0.3778425288461538 0.7346539423076923 0.37591050240384616 0.7452348485576923
3 0.517998329326923 0.8289630600961538 0.49646481730769226 0.8145122548076924 0.48714831490384614 0.8120191802884615 0.4843436442307692 0.8217459615384615 0.5175837764423077 0.8453164663461539 0.517998329326923 0.8289630600961538
3 0.9094032451923078 0.9274266586538461 0.8846706947115385 0.9220457908653846 0.8833424254807691 0.9293201634615385 0.9081773076923076 0.9341406009615384 0.9094032451923078 0.9274266586538461
3 0.9218586153846153 0.8468207163461539 0.9237314639423077 0.8442626586538461 0.9245893870192308 0.8442585264423077 0.926619391826923 0.833141045673077 0.9191160721153846 0.8466307596153846 0.9199857668269231 0.8493787716346154 0.91743165625 0.8496590625 0.8939299735576923 0.8882362980769231 0.8992865865384616 0.8926997379807692 0.9068758365384616 0.8672851754807692 0.9181129206730769 0.8519368293269232 0.9193649134615385 0.8517461682692308 0.9212981730769231 0.8538332764423077 0.9236576802884616 0.8493610937499999 0.92403340625 0.8473033990384615 0.9218586153846153 0.8468207163461539
4 0.9814029591346153 0.22047031730769232 0.9862516490384615 0.24743173557692308 0.98957475 0.24892143269230768 0.9921338269230768 0.2049837716346154 0.9877641947115384 0.20253218509615384 0.9928019086538461 0.19351325000000003 0.9934425769230769 0.18251341346153846 0.9841528701923077 0.19977699519230768 0.9814029591346153 0.22047031730769232
3 0.4288182067307692 0.3692227451923077 0.42887660817307693 0.37160215625000004 0.42729486298076924 0.3721082764423077 0.4273629951923077 0.37488425480769233 0.4257715192307692 0.37499380528846155 0.42584938701923075 0.3781663509615385 0.4242481730769231 0.3778793317307692 0.4243357764423077 0.3814484495192308 0.4227248293269231 0.38076486057692305 0.415108108173077 0.3951925024038462 0.4148599158653846 0.3967278004807693 0.41358476442307696 0.39807803124999996 0.41328964663461537 0.4002575793269231 0.41206142067307694 0.4009635576923077 0.4121852331730769 0.4028352019230769 0.4117193846153846 0.4037873629807692 0.4105380769230769 0.4038490865384615 0.41084789423076923 0.40588890625 0.4090147331730769 0.4067346153846154 0.4101491201923077 0.4073171418269231 0.4095105528846154 0.4089426081730769 0.4074913894230769 0.4096201418269231 0.4085788509615385 0.41084692548076923 0.4081732139423077 0.41199631009615384 0.4059680456730769 0.4125056706730769 0.4070085889423077 0.4143767043269231 0.40683587499999996 0.4150500120192308 0.4044447019230769 0.41539119711538464 0.40549853365384614 0.4181037163461539 0.40292135817307695 0.4182767307692308 0.36483775721153844 0.4904149350961538 0.3456719086538461 0.5277795216346154 0.3513907764423077 0.5302590384615384 0.3734023653846154 0.4913925769230769 0.40416119471153844 0.42115741826923075 0.41054584615384615 0.41472091346153844 0.41408310576923074 0.4150651201923077 0.42084766826923076 0.40336797355769227 0.42907493990384615 0.38647678124999996 0.4464021298076923 0.3535485264423077 0.43795826923076925 0.35190957932692307 0.43643492548076923 0.3547951057692308 0.4349115817307692 0.35768063221153845 0.43493105048076924 0.3584737716346154 0.4333882379807692 0.3605661610576923 0.43341743750000006 0.3617558653846154 0.43186489423076924 0.36345168990384613 0.43190382932692306 0.3650379639423077 0.4303415504807692 0.36633721875 0.43039021875 0.36832006009615387 0.4288182067307692 0.3692227451923077
2 0.1872543918269231 0.10535694711538462 0.17693080288461538 0.09992942067307692 0.16009784615384615 0.1076180673076923 0.14376158653846155 0.11540311778846155 0.15490552163461538 0.13605425 0.14948292067307692 0.14321866105769232 0.1378173701923077 0.14232387259615384 0.12475509855769232 0.13499527884615387 0.11164053125000001 0.14203617067307692 0.12341560576923076 0.1648640408653846 0.14320382932692308 0.17760660096153844 0.16766276442307693 0.1816693221153846 0.20343868509615384 0.19135238701923077 0.21888860817307693 0.17997157692307694 0.2216658966346154 0.16476152403846156 0.23181397115384617 0.15988381490384615 0.22813419471153845 0.14342044951923077 0.21663922836538463 0.1021588485576923 0.2182886826923077 0.0846756514423077 0.22373619951923077 0.05765849038461538 0.20773235096153847 0.032640329326923075 0.19998808413461538 0.04688629567307692 0.19362685096153848 0.06482442788461538 0.19578915384615386 0.07551529807692307 0.1968920745192308 0.0976411923076923 0.19274544471153848 0.11190071153846154 0.1872543918269231 0.10535694711538462
3 0.29112744471153845 0.3617554855769231 0.29810859375 0.3685884759615385 0.3005099375 0.35262070673076923 0.31546316346153846 0.3411434903846154 0.30716497355769234 0.31899048076923076 0.289580125 0.3251636923076923 0.2945221826923077 0.3459805336538461 0.29112744471153845 0.3617554855769231
4 0.6343567235576923 0.40577953125 0.6410802163461539 0.3858574807692308 0.636555170673077 0.3740232596153846 0.6236708798076923 0.40233592548076924 0.6343567235576923 0.40577953125
4 0.6050017307692308 0.43979692067307696 0.6347762067307693 0.44009817548076924 0.6371912427884615 0.4268720432692307 0.6057922307692307 0.4242012355769231 0.6050017307692308 0.43979692067307696
4 0.7907146129807692 0.21701029326923077 0.8158296057692307 0.20339699759615384 0.8141503076923077 0.19006090384615384 0.7891423774038462 0.20027125240384616 0.7907146129807692 0.21701029326923077
4 0.740688079326923 0.9557258413461539 0.765951204326923 0.9469345120192307 0.7642855961538462 0.9363400528846154 0.7398814254807693 0.9432438701923077 0.740688079326923 0.9557258413461539
4 0.5904841418269231 0.5136704423076923 0.6089440985576923 0.5336873774038462 0.6158704831730769 0.5295538269230768 0.598738795673077 0.5022625216346154 0.5904841418269231 0.5136704423076923
4 0.3383208413461538 0.7201353629807692 0.35683309375 0.7257828125000001 0.3598792716346154 0.7147334182692308 0.3412325745192308 0.7070056370192308 0.3383208413461538 0.7201353629807692
4 0.32698387019230774 0.7850398173076923 0.3160316081730769 0.8027715769230769 0.30553496634615385 0.8123748389423077 0.3136439519230769 0.8214809783653846 0.32632781250000004 0.8027158317307692 0.32698387019230774 0.7850398173076923