3 0.9338622163461537 0.7529999375 0.9282932403846154 0.7548075817307692 0.9267642163461538 0.7555991033653846 0.9299997548076924 0.7585834639423077 0.9337987043269231 0.7621721802884616 0.9365432932692308 0.7648730769230769 0.9406882692307692 0.7681034663461539 0.9419437331730769 0.7679911634615385 0.9413078605769231 0.7670659134615385 0.9427644254807692 0.7659534951923077 0.9466431682692308 0.7623327740384614 0.9532339423076923 0.7574873365384616 0.9482357091346153 0.7523690072115384 0.9461269903846153 0.7505933629807693 0.9436722475961539 0.7491760528846154 0.93977721875 0.7508339639423076 0.9338622163461537 0.7529999375
3 0.33926111538461534 0.6041942451923077 0.3352048822115385 0.6032475576923078 0.3326939591346154 0.6034721538461538 0.3208240576923077 0.6114088197115385 0.3192225697115385 0.6118794471153847 0.3176210793269231 0.6123500745192307 0.3176373653846154 0.6143128822115385 0.31989100721153846 0.6167303173076923 0.3219997259615385 0.6185059567307692 0.32641826201923074 0.6210571225961539 0.33027339182692306 0.6230039302884616 0.33307416346153845 0.6240629110576923 0.3360035769230769 0.6238008822115385 0.3362046778846154 0.6228007620192308 0.33675180528846155 0.6214423124999999 0.3448227572115385 0.6099169302884616 0.34495139903846156 0.6085959158653846 0.34375211538461536 0.6070663052884615 0.33926111538461534 0.6041942451923077
3 0.38250739182692306 0.06211777884615385 0.4049314471153846 0.08957593750000001 0.4120546826923077 0.09843271153846155 0.4280369951923077 0.08980082451923077 0.46668113701923075 0.06997531009615385 0.4598314663461539 0.060439307692307695 0.4431302548076923 0.041308435096153846 0.4369983413461539 0.034327252403846154 0.36284781250000003 0.04095988942307693 0.3733479014423077 0.05180625240384615 0.38250739182692306 0.06211777884615385
4 0.3121257019230769 0.2023105841346154 0.3253723725961538 0.20047093990384615 0.3245028341346154 0.1966201923076923 0.31125616346153845 0.19845983894230768 0.3121257019230769 0.2023105841346154
4 0.34328591826923077 0.1890472860576923 0.32804288461538456 0.18582746875 0.32778560336538465 0.1884695 0.34204673557692306 0.19112239423076924 0.34328591826923077 0.1890472860576923
4 0.34376791826923075 0.17983761057692307 0.32950678365384617 0.17718471875 0.3284125264423077 0.17990161538461538 0.34296350480769233 0.18383809134615386 0.34376791826923075 0.17983761057692307
4 0.3338365817307692 0.17745217788461537 0.34445996634615383 0.1791209543269231 0.3445723269230769 0.17583713221153846 0.3340938629807692 0.17481014663461536 0.3338365817307692 0.17745217788461537
4 0.3779715168269231 0.18005192788461538 0.36229371875000005 0.17490673798076922 0.3621813581730769 0.1781905625 0.3770221826923077 0.1834106201923077 0.3779715168269231 0.18005192788461538
4 0.367677 0.2516862379807692 0.35742325240384615 0.24409161057692305 0.35465504807692305 0.24695823798076924 0.36574576923076924 0.25447799759615386 0.367677 0.2516862379807692
4 0.36497715144230775 0.2964510360576923 0.3783036177884615 0.28740195432692306 0.3731368485576923 0.2872093581730769 0.36174161298076923 0.2934666778846154 0.36497715144230775 0.2964510360576923
4 0.26917773798076927 0.3259722740384615 0.2628515817307692 0.3206453485576923 0.2599384519230769 0.32287018509615384 0.26430081250000004 0.32706325961538457 0.26964506971153845 0.3318232620192308 0.2727031225961538 0.3302402139423077 0.26917773798076927 0.3259722740384615
4 0.29335702403846153 0.5313666394230769 0.29582071634615387 0.5422770913461539 0.29902369471153845 0.5413358365384615 0.29768681971153843 0.5316341009615384 0.29335702403846153 0.5313666394230769
4 0.35523796875 0.28357234615384613 0.36141920192307697 0.28825748076923075 0.36531422836538463 0.28659956971153844 0.3601148942307692 0.2824813581730769 0.35523796875 0.28357234615384613