3 0.8168454759615386 0.7722951298076922 0.8165657572115385 0.7768225072115384 0.8369934591346154 0.7944136802884615 0.8426880649038462 0.7913641802884614 0.8168454759615386 0.7722951298076922
4 0.8874345336538462 0.10738435576923076 0.8900656586538461 0.11400375721153845 0.9392555240384616 0.11235586778846153 0.9413103966346154 0.10662435817307693 0.9367770336538462 0.09397554567307692 0.8869147596153847 0.09824835817307692 0.8874345336538462 0.10738435576923076
4 0.6051335624999999 0.009610889423076923 0.5174603774038462 0.0030104975961538463 0.49000024999999997 0.002850737980769231 0.6052088725961539 0.013897439903846155 0.6051335624999999 0.009610889423076923
4 0.07983853846153846 0.19052977403846152 0.08897788461538461 0.19951202403846152 0.11113567788461538 0.19288595192307692 0.10498249038461539 0.1902822764423077 0.10418770432692306 0.18594156250000002 0.1225719591346154 0.18946604326923078 0.13332171875 0.18786733413461537 0.12189686057692307 0.17148903846153846 0.0943806610576923 0.17985214903846153 0.07983853846153846 0.19052977403846152
3 0.11233400961538462 0.7109624375 0.06269415865384616 0.7165975 0.063798875 0.7292244759615384 0.11544255048076923 0.7243066514423078 0.11233400961538462 0.7109624375
3 0.33745958173076923 0.6216915144230769 0.3325126923076923 0.626402639423077 0.3379322860576923 0.628148420673077 0.3450140673076923 0.6222602475961538 0.33745958173076923 0.6216915144230769
3 0.3149554615384615 0.4450164134615384 0.3095688173076923 0.4451459951923077 0.31183079326923074 0.4512024951923077 0.32222081009615383 0.4495767019230769 0.3149554615384615 0.4450164134615384
3 0.4168404423076923 0.4162992620192308 0.3987123725961539 0.40690786298076925 0.3936572235576923 0.40545706971153844 0.3851929783653846 0.41445182451923074 0.40376080048076923 0.4284247668269231 0.4168404423076923 0.4162992620192308
3 0.38973170192307693 0.3251626298076923 0.39165276682692307 0.33226368269230766 0.3998372908653846 0.32779630288461536 0.38973170192307693 0.3251626298076923
3 0.08401486057692308 0.22375343749999999 0.0756750048076923 0.2193798125 0.07000393269230769 0.22376885817307693 0.07727398798076922 0.22859705528846153 0.08401486057692308 0.22375343749999999
3 0.1921666442307692 0.10186386778846154 0.22993435096153847 0.10443961778846153 0.22976960817307693 0.09506279326923076 0.21750559375 0.09226662259615384 0.20182978846153846 0.07931406971153845 0.1805676346153846 0.07557292788461539 0.17738648076923078 0.07854410096153847 0.1744924519230769 0.09785773317307693 0.1921666442307692 0.10186386778846154
3 0.7717700625 0.7627479086538462 0.7630045769230769 0.75459646875 0.7613235600961539 0.7611587908653846 0.7700608076923078 0.7677027716346154 0.7717700625 0.7627479086538462
4 0.4958548725961538 0.3740879086538461 0.513261454326923 0.4037591682692308 0.5215589447115385 0.40572161298076925 0.5007641057692308 0.3672335168269231 0.4942653052884615 0.36540648557692307 0.49468622596153844 0.368916389423077 0.47597047596153846 0.36697228125000003 0.4508076971153846 0.36614814423076925 0.4501964831730769 0.3722558918269231 0.4625196730769231 0.3988689014423077 0.4846310817307692 0.4304996875 0.4881955072115384 0.42889514663461537 0.4773724519230769 0.4058732860576923 0.5137153317307692 0.40914443749999996 0.5219610456730769 0.4081598774038462 0.5129299615384615 0.40533954086538465 0.4736762355769231 0.3999763677884615 0.45482599759615383 0.36992887259615387 0.4958548725961538 0.3740879086538461
4 0.4724154086538462 0.08282890144230769 0.48035787019230775 0.08503216826923077 0.5040722884615385 0.0852121610576923 0.5050338293269231 0.07859567548076923 0.5030845192307692 0.06988716346153846 0.45530065625 0.06976801442307692 0.45625076682692306 0.08294973317307693 0.46159034134615384 0.08014105769230769 0.4724154086538462 0.08282890144230769
4 0.19279535576923076 0.15809772596153845 0.17808310096153848 0.11819466826923077 0.16479165144230767 0.11826424999999999 0.15727011778846153 0.1195708846153846 0.1726877235576923 0.15872438221153845 0.19279535576923076 0.15809772596153845
4 0.06057947836538462 0.178110125 0.04679649759615385 0.17065116826923077 0.03898381971153846 0.19628337740384616 0.05483579086538462 0.1988145504807692 0.06057947836538462 0.178110125
3 0.46571769951923075 0.7035871274038462 0.46076610096153847 0.7080303413461538 0.4658636129807692 0.7118923149038461 0.47117965384615385 0.7077440961538461 0.46571769951923075 0.7035871274038462