2 0.41645922115384615 0.6561347692307693 0.4240709254807692 0.6511451225961539 0.4256492548076923 0.6465410913461539 0.4189219278846154 0.6343853365384615 0.40781788942307695 0.6204309350961539 0.39438782211538465 0.6039925913461539 0.38529414903846154 0.5934429447115385 0.3779600817307692 0.5910019711538461 0.36640599278846153 0.5916018870192308 0.3535108966346154 0.5934652572115385 0.3423239375 0.5982908389423077 0.3269035192307692 0.6075206586538461 0.3256408581730769 0.6112038822115384 0.32897878846153844 0.6147085264423077 0.3752935048076923 0.6438015432692308 0.3980434158653846 0.6582124423076923 0.40119778125 0.6596042524038462 0.40968928846153846 0.6586689375 0.41645922115384615 0.6561347692307693
3 0.7625066923076923 0.13663845192307694 0.7635589110576924 0.1335690985576923 0.7652939230769231 0.13380460096153846 0.7688826153846153 0.13260532211538462 0.7714325264423076 0.13311204567307694 0.7724847427884616 0.1300426923076923 0.7701072475961539 0.12241227884615384 0.7641679399038461 0.11325444471153846 0.7589383076923077 0.10467476442307692 0.7564936177884616 0.10386110336538461 0.7493588413461538 0.09156973798076923 0.7442075528846155 0.08540982451923076 0.7383869038461538 0.07458170192307692 0.7348654086538461 0.06896422596153846 0.7276365600961537 0.06621631730769231 0.72661121875 0.06655896875 0.7240881850961538 0.06332554567307692 0.7172153197115385 0.05556677644230769 0.7160444423076923 0.06030641586538461 0.7517966658653846 0.12418301201923078 0.7574203076923076 0.13426165384615385 0.7625066923076923 0.13663845192307694
3 0.7716006610576923 0.08495221875 0.7749005600961538 0.08194704326923077 0.7719700793269231 0.07857800961538461 0.7644524447115385 0.07402420192307692 0.7577631442307692 0.06837826682692308 0.7434129567307692 0.051975639423076925 0.735091579326923 0.05638713221153846 0.7420696658653847 0.06383896875 0.755434826923077 0.0764941923076923 0.7622942548076923 0.08561631490384616 0.7716006610576923 0.08495221875
4 0.4978837331730769 0.2544223028846154 0.48911916586538456 0.24158849759615386 0.4794725072115385 0.23530023076923076 0.4765017067307692 0.23602124759615384 0.4732532692307692 0.2441728918269231 0.4712674951923077 0.24864131009615387 0.4755121057692308 0.2534735889423077 0.4828327379807692 0.2572779158653846 0.48882580288461536 0.2609823485576923 0.4970285216346154 0.2582411370192308 0.4978837331730769 0.2544223028846154
4 0.5596509086538461 0.1258872932692308 0.5841784399038461 0.12584377163461538 0.5850470913461538 0.12066158413461539 0.5816039399038462 0.11746387740384615 0.5576808629807692 0.11839248798076923 0.5596509086538461 0.1258872932692308
4 0.4751298341346154 0.13673938942307692 0.47370590865384615 0.15678282451923076 0.4835115432692308 0.15731075721153848 0.4843041394230769 0.13910893269230767 0.48125499759615387 0.13741018509615383 0.47657606009615383 0.13516899759615383 0.4751298341346154 0.13673938942307692
4 0.19598685817307693 0.17240855288461537 0.20973258894230767 0.18792608894230767 0.21712041346153846 0.1849136610576923 0.20255978846153846 0.16912490384615383 0.19598685817307693 0.17240855288461537
4 0.11272844230769231 0.1795774278846154 0.13670527644230768 0.1731954110576923 0.1310547548076923 0.16584346875 0.10707792067307692 0.17222548557692308 0.11272844230769231 0.1795774278846154
4 0.8937836201923077 0.6077758365384616 0.9155262067307692 0.5999662908653847 0.9125039399038462 0.5955408389423077 0.8897360144230769 0.6036930360576923 0.8937836201923077 0.6077758365384616
4 0.9852930504807692 0.6493667115384615 0.9777940216346154 0.6487310721153846 0.9777402668269232 0.6541844783653846 0.9834748173076923 0.6546705528846153 0.9852930504807692 0.6493667115384615
4 0.7108161610576923 0.7151216754807692 0.7167085793269231 0.6979332980769232 0.7093745120192309 0.6954923245192308 0.7049014423076922 0.7138370096153845 0.7108161610576923 0.7151216754807692