1 0.32607151682692304 0.7280636225961538 0.3279753341346154 0.7408508774038461 0.33928116346153847 0.7531215336538462 0.42116340384615386 0.7820689711538461 0.4375166081730769 0.7853635817307693 0.44886673798076926 0.7784420096153847 0.4556897403846154 0.7645010673076923 0.4557340408653846 0.7453088389423077 0.4422956201923077 0.73560546875 0.35183230288461537 0.7074912836538462 0.33959575480769233 0.7110577115384615 0.33085416826923075 0.7186088125 0.32607151682692304 0.7280636225961538
1 0.32726054807692306 0.6840771730769231 0.3327128293269231 0.6986098125000001 0.4435537740384615 0.7349608100961539 0.45424069230769226 0.7326799134615385 0.4676966610576923 0.7243106947115384 0.4719378701923077 0.7086205865384615 0.4669882908653846 0.6961651177884616 0.4507955913461539 0.6861526610576922 0.35204267307692305 0.6582308485576923 0.34021659134615384 0.6619556057692308 0.32987187259615386 0.6730315240384616 0.32726054807692306 0.6840771730769231
1 0.47337043749999996 0.6428821899038462 0.3755841947115384 0.61495659375 0.3657182139423077 0.617554141826923 0.3562479302884615 0.6267074326923077 0.35262841346153845 0.6452739182692308 0.35743225240384613 0.6580498221153845 0.4513517980769231 0.6859905480769231 0.46736002644230773 0.6921653197115384 0.4852093605769231 0.6964136802884616 0.4952478341346154 0.6923760480769231 0.5021363245192307 0.6814735913461539 0.5058213269230769 0.66594559375 0.5016124326923077 0.6571657019230769 0.47337043749999996 0.6428821899038462
1 0.4281646754807692 0.5757269735576923 0.41819168749999996 0.5828030889423077 0.41218962019230765 0.5970606850961538 0.4133379879807692 0.6125697692307692 0.4718743100961538 0.6419284399038462 0.5087361153846154 0.6595368317307693 0.5252885649038461 0.6602717235576924 0.5435567139423078 0.6296528774038461 0.5389373533653846 0.6207146610576924 0.5280807259615384 0.6127604567307693 0.5087352596153847 0.6075583533653846 0.43887834374999996 0.5723264350961539 0.4281646754807692 0.5757269735576923
1 0.4116058052884615 0.5463639543269231 0.4140925793269231 0.5578694591346154 0.5087352596153847 0.6075583533653846 0.5271408028846154 0.6116446033653846 0.5402905264423077 0.6103136682692308 0.5480386850961538 0.6038859927884616 0.5535500336538461 0.5928289951923077 0.5523214134615384 0.5806788317307693 0.5389364951923077 0.5687361802884616 0.4392879543269231 0.52050628125 0.4316735504807693 0.5213357475961539 0.4176613774038461 0.5298670769230769 0.4116058052884615 0.5463639543269231
1 0.4409529375 0.4797166466346154 0.43030753605769234 0.4744804927884615 0.4226516153846154 0.4828270096153846 0.4196298221153846 0.4937143341346154 0.42250031250000003 0.5064978052884616 0.5067088197115385 0.55366859375 0.5130115649038461 0.5557230673076923 0.5307686682692307 0.5580525817307692 0.5416280745192308 0.5543316057692308 0.5484630625 0.5456684326923077 0.5523057908653846 0.5350977620192308 0.5485341129807693 0.5253565625 0.5428558389423077 0.5145032836538461 0.4409529375 0.4797166466346154
1 0.564583 0.4720357980769231 0.4510412716346154 0.43313643028846155 0.44141326682692306 0.4373323918269231 0.4302743653846154 0.4469720072115385 0.4284572235576923 0.4594539591346154 0.4303342860576923 0.47336085096153846 0.5438225120192308 0.5144995024038461 0.5578586538461539 0.5165237115384615 0.5647711129807692 0.5161767908653846 0.5715258461538462 0.5108725408653846 0.5782953461538461 0.4991708846153846 0.5798210120192308 0.48732981009615384 0.5742082211538462 0.4795150192307692 0.564583 0.4720357980769231
1 0.48635259375 0.400051875 0.47772999759615387 0.40840218028846154 0.4723496201923077 0.4255361514423077 0.4766627379807692 0.44151265144230767 0.5656954134615385 0.4717115769230769 0.5931044879807692 0.4804006706730769 0.6073131201923077 0.4809848004807692 0.6175803653846154 0.46159262980769233 0.6277378293269231 0.45835420192307696 0.6261909783653846 0.44796456250000005 0.6134812596153846 0.436659 0.4967480288461538 0.3984118581730769 0.48635259375 0.400051875
3 0.46847008173076926 0.3682950360576923 0.47364565144230764 0.3770711394230769 0.4718700264423077 0.38203603605769226 0.4753114927884615 0.3882599879807692 0.4891216418269231 0.3939635552884615 0.5723542716346154 0.4241851802884616 0.5999090865384615 0.4325538341346154 0.6122646225961538 0.4297866081730769 0.6207654495192307 0.43231228125 0.6331329711538461 0.4348228221153846 0.6419520264423078 0.4355879759615385 0.660568795673077 0.44239227403846154 0.66912590625 0.4310034831730769 0.6667313701923077 0.4214168293269231 0.6495839783653847 0.4166859206730769 0.6384626274038462 0.4082529519230769 0.6254734110576923 0.40286603605769233 0.6081830649038461 0.3867803894230769 0.5909166850961538 0.38125027884615387 0.5491145048076923 0.3681393677884615 0.5115239975961539 0.35213316105769227 0.4898079663461538 0.34789993509615386 0.4781276225961539 0.35130425721153846 0.4790260264423077 0.3599371658653846 0.47164960096153846 0.36236504326923075 0.46847008173076926 0.3682950360576923
1 0.5923160817307692 0.2880033966346154 0.5862513100961538 0.28754733173076924 0.5753651514423077 0.2923879471153846 0.5654308990384616 0.30362219230769233 0.5614424326923078 0.3145132980769231 0.5668707451923077 0.31849039903846155 0.5722842908653847 0.32886490865384616 0.6541729519230769 0.38644047596153847 0.664633877403846 0.38783893990384616 0.6762874687499999 0.38555426201923076 0.6854395216346153 0.3781614879807692 0.6966854278846154 0.3640433004807692 0.6968071971153846 0.3531673293269231 0.6052130625 0.29147146875 0.5923160817307692 0.2880033966346154
1 0.5956492572115384 0.5819486754807692 0.6129423846153846 0.5863591442307692 0.6218416947115385 0.583765375 0.6301875769230769 0.5696585408653847 0.6362791009615385 0.5689949639423078 0.6358566490384615 0.5635588677884615 0.6444137596153846 0.5521700841346153 0.6464033918269231 0.5382480552884615 0.6720267836538463 0.4829706177884615 0.674239625 0.47704440625 0.6664020096153845 0.46987805769230767 0.6523271346153846 0.46369572355769234 0.6310750697115384 0.45738154086538463 0.6198051947115384 0.4609441875 0.5839025745192308 0.5303360264423077 0.5723236682692308 0.552612139423077 0.5720026586538461 0.5660478341346153 0.5799592596153846 0.5740133870192308 0.5956492572115384 0.5819486754807692
1 0.6061405697115385 0.6225308004807691 0.609001858173077 0.6183613245192308 0.6082879278846154 0.6135661033653846 0.6177609903846153 0.5927376370192308 0.5993434615384615 0.5833736225961539 0.5804352163461538 0.5772101995192307 0.5701855144230769 0.5785297836538461 0.5472269519230769 0.6205222860576923 0.5453710745192308 0.628846108173077 0.5259905120192307 0.6597891754807693 0.5275641129807692 0.6690591754807692 0.5241466177884615 0.673390764423077 0.5512761971153846 0.6879985024038462 0.5682510961538462 0.6941694903846154 0.5796040072115385 0.6755727403846153 0.5836699447115385 0.6729978870192308 0.5847971249999999 0.6662762572115385 0.6061405697115385 0.6225308004807691
1 0.5350999735576922 0.7755455961538461 0.5420152163461538 0.7635234951923077 0.5446265408653846 0.7524778485576923 0.5555570000000001 0.728445 0.5666479639423077 0.6976943076923077 0.5470912740384615 0.6897741514423077 0.52484578125 0.6845833942307693 0.5151375240384616 0.6921382740384616 0.4929851274038462 0.74084484375 0.46275714182692307 0.78078665625 0.47530635576923075 0.7988100649038461 0.4928761971153846 0.8089770673076924 0.5072693052884616 0.8133988870192308 0.515056201923077 0.8111293389423077 0.5273785673076923 0.7808536274038461 0.5350999735576922 0.7755455961538461
4 0.47907803365384616 0.808551266826923 0.48473233894230766 0.8088490048076923 0.48551453846153847 0.8050075336538461 0.47651100721153844 0.8004046874999999 0.46328659615384615 0.7817441875 0.45756680528846155 0.7784079615384615 0.4529833966346154 0.7853030528846153 0.4494856514423077 0.7929935625 0.4543014711538461 0.811047235576923 0.47001821875 0.8178628822115385 0.4773946442307692 0.8154350096153846 0.47907803365384616 0.808551266826923
1 0.44765202884615385 0.7079159567307692 0.44614113221153845 0.7133596225961539 0.45186092307692305 0.7166958461538461 0.46752694951923074 0.7140755961538462 0.4660068533653846 0.7025663125 0.4600610673076923 0.7029094495192307 0.44765202884615385 0.7079159567307692
1 0.4952358485576923 0.6870982812499999 0.4971987307692308 0.6742958942307692 0.4924456129807692 0.6709558846153846 0.4910121875 0.6847158028846153 0.4952358485576923 0.6870982812499999
1 0.5374707572115385 0.6069660961538461 0.5414324711538462 0.5971946274038461 0.54004334375 0.5917623173076924 0.535090985576923 0.5909820264423077 0.5301090961538462 0.6029965600961538 0.5374707572115385 0.6069660961538461
1 0.5403072163461539 0.5402626009615384 0.5351971370192308 0.534524983173077 0.5274489735576923 0.54095265625 0.5332610048076923 0.5462077259615384 0.5403072163461539 0.5402626009615384
1 0.5679653966346154 0.5038493870192308 0.5706957115384615 0.4936029399038461 0.5647499254807692 0.49394607692307696 0.561900625 0.5033933221153846 0.5679653966346154 0.5038493870192308
4 0.31002948076923076 0.47479126923076925 0.30159414182692307 0.4753040817307692 0.2992355600961539 0.48155072836538465 0.29344749759615385 0.4868511947115385 0.30050291586538463 0.49785901442307695 0.30438159375 0.5031216514423077 0.30711190625 0.4928752043269231 0.31408065144230773 0.4786138245192308 0.31002948076923076 0.47479126923076925
4 0.2762234951923077 0.5257825144230769 0.2770803798076923 0.5419324759615385 0.2808935769230769 0.5441566250000001 0.2988259471153846 0.5333708822115384 0.3099021442307693 0.5090175985576922 0.2921450456730769 0.5066880817307692 0.2762234951923077 0.5257825144230769
4 0.27076286298076924 0.5462754110576923 0.28029306971153845 0.5635109639423077 0.2898140721153846 0.5637935721153846 0.29220860576923074 0.5733802307692307 0.3055843221153846 0.5683699350961539 0.3070444975961539 0.5534903774038461 0.29809446875 0.5466482524038462 0.27076286298076924 0.5462754110576923
4 0.46678862259615383 0.31152511778846154 0.46338867788461535 0.29778411778846153 0.4406700168269231 0.2777213701923077 0.4614912836538462 0.3136249855769231 0.46678862259615383 0.31152511778846154
4 0.9636302235576923 0.5419645336538461 0.9419824591346154 0.5290946129807692 0.9414649879807692 0.5334148533653846 0.9586243629807693 0.5434235264423077 0.9636302235576923 0.5419645336538461
4 0.64892996875 0.4382795408653846 0.6602773149038461 0.4430331514423077 0.6653901826923078 0.43709558894230766 0.6685042115384616 0.42812711057692304 0.6653809783653847 0.42014264182692307 0.657409610576923 0.41857449759615384 0.6531176802884615 0.4248287139423077 0.64892996875 0.4382795408653846