2 0.48749603846153844 0.49105516105769226 0.2931853894230769 0.5156644903846154 0.2588260120192308 0.5336923461538462 0.2536276153846154 0.5437412067307692 0.32867620913461537 0.7196847788461539 0.32420287980769236 0.7208348124999999 0.2997740360576923 0.7530630024038462 0.3407189735576923 0.7468411850961538 0.42425524519230773 0.7373490600961539 0.6919124038461538 0.70795065625 0.6971004471153847 0.6897430168269231 0.6589522235576923 0.5787817211538462 0.6089173870192307 0.47444048317307697 0.48749603846153844 0.49105516105769226
1 0.2995307620192308 0.7399019423076924 0.3154908605769231 0.7294969495192307 0.3236779471153846 0.7088997836538462 0.3102704495192308 0.6775658389423077 0.301203875 0.6746451682692308 0.28478483653846154 0.6804847884615385 0.2781695192307692 0.6898648245192308 0.27453901923076923 0.7302795817307692 0.2995307620192308 0.7399019423076924
1 0.18104674519230768 0.6608718028846153 0.18752275480769232 0.6756158870192308 0.27331360096153845 0.7019779182692307 0.2785085432692308 0.6892094639423078 0.28534987980769233 0.6793925192307693 0.2868120889423077 0.6711134375000001 0.2799517716346154 0.6659726201923076 0.2571680096153846 0.65548990625 0.21040958653846153 0.63341875 0.19381326923076925 0.6334669639423077 0.18714403365384616 0.6449959254807692 0.18104674519230768 0.6608718028846153
1 0.22780600961538464 0.5943377259615384 0.21677472596153846 0.6054384663461538 0.20801914903846155 0.6244083076923077 0.2195335264423077 0.6369100913461538 0.24316916586538462 0.6491538966346154 0.2815929831730769 0.6648447403846153 0.29417490384615386 0.6705119278846153 0.2975772451923077 0.6734768990384615 0.30271654807692305 0.6614975721153846 0.29579886298076924 0.6557860817307692 0.28525454567307695 0.6489063221153846 0.2726083533653846 0.6372292764423076 0.23590769471153847 0.5957157572115385 0.22780600961538464 0.5943377259615384
1 0.29211313942307693 0.65268734375 0.3000323701923077 0.6441945841346153 0.26504624278846156 0.5700594110576923 0.25625960096153844 0.5645529110576923 0.2433541875 0.5717792548076923 0.2335138076923077 0.5839857211538462 0.23403356490384614 0.591841360576923 0.2713027163461538 0.6349822043269231 0.28457476923076924 0.6488572475961539 0.29211313942307693 0.65268734375
1 0.1685027908653846 0.6851201394230769 0.1969184182692308 0.6254197980769232 0.1933909903846154 0.6131547043269231 0.15184994471153845 0.5959924495192308 0.13951474759615384 0.6062059158653846 0.11285334615384615 0.6645599206730769 0.12141914663461538 0.6745827163461539 0.15802964903846156 0.6896894278846154 0.1685027908653846 0.6851201394230769
1 0.12860682932692308 0.6252469807692307 0.05845604086538462 0.604093079326923 0.041011295673076924 0.6050997956730769 0.03473500480769231 0.6138244735576923 0.031181271634615385 0.6254650456730769 0.032326889423076925 0.6355186802884615 0.0434431514423077 0.6467453581730769 0.11149724278846153 0.667181360576923 0.12860682932692308 0.6252469807692307
1 0.037739641826923076 0.57121171875 0.04608287740384616 0.5843910168269231 0.053960274038461535 0.5875657524038462 0.1316878173076923 0.5981626634615385 0.14114215624999998 0.5941996610576923 0.14736453365384616 0.5876239038461539 0.14955698317307692 0.5745253822115385 0.1462590264423077 0.5645429759615385 0.14330526923076922 0.5579845961538461 0.12794514663461537 0.5501906370192308 0.04636840865384616 0.5415819615384615 0.03760592548076923 0.5551126153846154 0.037739641826923076 0.57121171875
1 0.058556079326923076 0.5043910192307692 0.0671740721153846 0.5109050961538462 0.07596416826923078 0.5191311875 0.09024294230769231 0.5228813701923077 0.16403286057692307 0.5104195 0.17014050480769233 0.5027024014423077 0.1709785769230769 0.4935851201923077 0.16722513221153848 0.48175693269230774 0.15911136538461537 0.4708603221153846 0.14624433173076923 0.4636995721153846 0.13610676442307693 0.4648939038461538 0.06220556490384615 0.4789340240384616 0.057686944711538464 0.4890319639423077 0.058556079326923076 0.5043910192307692
1 0.16029065865384615 0.5967151225961538 0.18738255048076924 0.6097749759615385 0.20443090384615384 0.6088529495192307 0.2142781826923077 0.6020856634615385 0.20773660096153845 0.5356693076923077 0.19185672115384617 0.5200197115384616 0.17055933173076923 0.5202950697115385 0.1577078293269231 0.5253724903846154 0.15046664903846155 0.5325545288461538 0.16029065865384615 0.5967151225961538
1 0.24528997596153845 0.49033868269230774 0.22761576201923078 0.48906271634615384 0.2110785408653846 0.49104139903846156 0.20508390625 0.4985400432692308 0.21009037980769232 0.5604266394230769 0.2165629326923077 0.5724511298076923 0.22869109615384617 0.5776323365384616 0.23639638942307692 0.5790950576923077 0.24323945192307692 0.5706379086538461 0.25625960096153844 0.5645529110576923 0.2644238341346154 0.5705810048076922 0.2529478389423077 0.5436921322115384 0.2578072091346154 0.5342986298076923 0.2661836514423077 0.5290114447115385 0.2651911514423077 0.5057120625 0.2599703221153846 0.49808356490384614 0.24528997596153845 0.49033868269230774
1 0.3205804879807692 0.45521063942307693 0.31986577644230774 0.4722682475961539 0.32713629326923077 0.48820275 0.3400641442307692 0.4986537644230769 0.35003824038461534 0.5025464014423077 0.4025290408653846 0.48900009134615385 0.4252416274038462 0.48803376201923077 0.43429612259615386 0.4814358533653846 0.4337155480769231 0.47028995192307693 0.42565051923076924 0.45316503124999996 0.4152140360576923 0.44198742788461537 0.40416894711538465 0.44220979807692307 0.39714343028846155 0.44079615144230766 0.3527525913461539 0.4543606971153846 0.3205804879807692 0.45521063942307693
1 0.2669444855769231 0.41440069711538463 0.2926250528846154 0.38656850240384616 0.28490595432692306 0.3742274086538462 0.21284824038461536 0.3233629711538461 0.2024829326923077 0.32363441346153843 0.1879971201923077 0.3352789014423077 0.17612258653846155 0.35141753365384615 0.17902070192307692 0.35876503846153845 0.24971885576923075 0.40953132211538457 0.2669444855769231 0.41440069711538463
1 0.601751670673077 0.4071859278846154 0.5972697091346154 0.4015369759615384 0.5844061274038461 0.39709581971153846 0.5705880168269231 0.39927080528846154 0.5588752283653846 0.408962673076923 0.5522599110576923 0.41834270913461535 0.55493028125 0.42476732451923077 0.5620843389423077 0.43820068749999996 0.5938824831730769 0.4551127908653846 0.610730701923077 0.47502461778846156 0.6200944663461538 0.4889574254807692 0.6304110384615385 0.49491429326923075 0.6399801153846153 0.4920926346153846 0.6551491538461539 0.48321681490384616 0.6634596009615384 0.4705599759615385 0.6597669759615384 0.4620220552884616 0.6495565072115385 0.45040754326923077 0.6296553317307693 0.43503416586538457 0.6009135985576923 0.4163032091346154 0.601751670673077 0.4071859278846154
1 0.6978892620192307 0.37401613701923075 0.6801192980769231 0.38655658653846153 0.6574101634615384 0.3902425120192307 0.6312012115384615 0.4034200865384615 0.6287305552884616 0.4204642331730769 0.6357750528846153 0.4368356442307692 0.6488750048076923 0.44899867307692304 0.65534065625 0.45558397596153843 0.6884741971153846 0.4535570769230769 0.7451864254807692 0.4189006923076923 0.7447762283653846 0.4081070120192308 0.7389851754807691 0.39749139182692306 0.7414713677884616 0.39268541346153846 0.7382376778846154 0.3887128653846154 0.7279801971153846 0.3846864663461539 0.7163545336538462 0.3737629302884615 0.7104642812499999 0.37424413942307694 0.6978892620192307 0.37401613701923075
1 0.6095082163461538 0.13660463701923076 0.6050555913461538 0.15407222596153847 0.6083621778846153 0.1708536201923077 0.6189655865384616 0.17966384615384617 0.7076459206730769 0.20657439663461538 0.7270169855769232 0.20593336057692307 0.7358316586538461 0.18889398798076923 0.7403416490384616 0.17199706730769232 0.7374922740384615 0.1584212548076923 0.7279145721153846 0.15444393028846154 0.7189575528846154 0.1485852139423077 0.6304475985576924 0.12202687740384616 0.6152177403846154 0.12761243028846153 0.6095082163461538 0.13660463701923076
1 0.7183032932692307 0.39180596875 0.7212553245192308 0.3970045480769231 0.7300958798076922 0.40036212740384614 0.7410766971153847 0.3941298990384615 0.7366503798076922 0.3876918245192308 0.7278689158653846 0.3862647163461539 0.7183032932692307 0.39180596875
1 0.4197757980769231 0.46588441105769235 0.4234649711538462 0.4717027379807692 0.42487671875 0.4682921706730769 0.42254364663461536 0.45985239903846153 0.41908911778846153 0.46039614423076924 0.4197757980769231 0.46588441105769235
1 0.14252801682692307 0.5703921442307692 0.137263625 0.5730713485576924 0.13885955048076923 0.580891375 0.14842862259615386 0.5780697139423077 0.14252801682692307 0.5703921442307692
1 0.5672482211538461 0.4009558942307692 0.5636755048076924 0.39763870432692305 0.5581850985576924 0.4007548173076923 0.5580789903846154 0.4064124567307692 0.5672482211538461 0.4009558942307692