4 0.21410891826923079 0.6164065024038461 0.20292402644230767 0.6006431899038461 0.19075569471153847 0.5884921586538462 0.18212493509615382 0.5824354471153846 0.17088121394230768 0.6497896634615384 0.16430454567307692 0.7217367403846153 0.1761630625 0.747704798076923 0.1934156153846154 0.7573431971153847 0.21410891826923079 0.6164065024038461
1 0.4508685432692308 0.5561302091346154 0.45199234134615385 0.5836303173076923 0.4578785240384615 0.6114718942307692 0.46889659375 0.6346751418269231 0.48970770432692307 0.6638458052884615 0.5031395504807692 0.6656432692307692 0.5194025504807692 0.6619181418269231 0.5363210288461538 0.6404590384615385 0.5408179927884615 0.6210152475961539 0.5435028822115384 0.5903931538461539 0.5379892572115385 0.5660596778846154 0.5239253365384615 0.5349559663461538 0.507322360576923 0.5135964759615385 0.4883502163461539 0.5030291682692307 0.4693096322115385 0.5041383052884615 0.4622465120192307 0.5029125769230769 0.45968362740384616 0.5137196418269231 0.45402438221153846 0.5332527259615385 0.4508685432692308 0.5561302091346154
4 0.4616312764423077 1 0.46076097355769235 0.9946312932692307 0.46145821394230774 0.9807845048076923 0.43524389182692313 0.9424797956730769 0.4171838990384616 0.9544774423076923 0.42957853846153843 1 0.4616312764423077 1
3 0.21915849278846153 0.09222978846153847 0.22094957932692308 0.08997015384615385 0.21816893509615387 0.07886626201923078 0.21815100961538464 0.07391622836538461 0.2144286875 0.07031180048076922 0.21480430528846156 0.08230780528846153 0.21915849278846153 0.09222978846153847
3 0.3255674975961539 0.13887403365384615 0.32796355528846155 0.1355069014423077 0.3153929326923077 0.1269235 0.3144661201923077 0.13088509855769231 0.3174135865384615 0.13454905288461538 0.31218637499999996 0.14343877644230768 0.31505338221153845 0.1478162548076923 0.3198842043269231 0.13648127884615385 0.3255674975961539 0.13887403365384615
3 0.36241466826923074 0.11694490865384616 0.3653413605769231 0.13015961057692307 0.37215719951923076 0.13953880528846155 0.37733959615384616 0.11827399278846154 0.36988008653846155 0.11460300721153846 0.36241466826923074 0.11694490865384616
3 0.4503839350961538 0.040159456730769226 0.45042365624999997 0.03838804326923077 0.44651986057692306 0.03868795673076923 0.45192795432692306 0.06904197115384615 0.45674106490384614 0.07574564663461539 0.45960501201923076 0.0716352235576923 0.4539424951923077 0.059691718750000004 0.4503839350961538 0.040159456730769226
3 0.50577428125 0.04792889903846154 0.49994493990384614 0.043425334134615384 0.5006185624999999 0.05363007932692308 0.5093118533653846 0.05402322836538461 0.5108436346153846 0.048954132211538465 0.5129571778846154 0.04187232692307692 0.5094942259615385 0.04158964903846153 0.5090674158653846 0.04767590384615385 0.50577428125 0.04792889903846154
3 0.49519806250000004 0.10851206009615384 0.4919138894230769 0.11124007692307693 0.49405676442307694 0.1220392908653846 0.4973499014423077 0.12178629326923077 0.5032476778846153 0.11461341586538462 0.5037691346153846 0.10573154326923076 0.5018617307692308 0.0988046346153846 0.4963870216346154 0.09285913221153846 0.493853875 0.09659046634615386 0.49584173557692307 0.10280385096153846 0.49519806250000004 0.10851206009615384
3 0.6373571177884615 0.09016343509615385 0.6331489831730769 0.08235226682692308 0.6303416634615384 0.08681200961538461 0.6265539639423078 0.10337193028846155 0.6251533629807693 0.11408970432692309 0.6259968677884615 0.12534241826923076 0.6300768822115385 0.13599281009615385 0.6335816538461538 0.1406749639423077 0.6355664591346154 0.1384004471153846 0.6313583221153846 0.1305892764423077 0.6343831899038462 0.12505180288461537 0.6354857860576922 0.1161252860576923 0.6345051923076923 0.10523677644230768 0.6373571177884615 0.09016343509615385
3 0.8746364278846154 0.15044949278846154 0.8755990913461538 0.15638796634615384 0.8794167379807691 0.15574100000000002 0.8839644254807693 0.14265941346153846 0.8783139302884616 0.14167882932692308 0.8746364278846154 0.15044949278846154
3 0.8860359495192308 0.49298958173076923 0.8979806153846154 0.4892425432692308 0.898308358173077 0.48037555288461536 0.8953667956730769 0.47069871634615384 0.8868641586538462 0.4618027860576923 0.8845037403846153 0.4520813004807692 0.88245640625 0.4600193822115385 0.8798189663461538 0.46552709134615383 0.8774408341346154 0.4738442572115385 0.8762846658653847 0.4909093533653846 0.880659625 0.4912805889423077 0.8807608581730769 0.48101631250000004 0.8829065793269231 0.47731474278846153 0.88379775 0.4864417596153846 0.8860359495192308 0.49298958173076923
3 0.7717990024038461 0.5625975913461538 0.7723652740384614 0.5660908100961538 0.7815651514423076 0.5611399543269231 0.7717990024038461 0.5625975913461538
3 0.8462861298076922 0.52362984375 0.8510485144230769 0.5239713125000001 0.8539155216346154 0.5283487932692308 0.8560135793269231 0.5267729206730769 0.8516921875 0.518263108173077 0.8466556298076923 0.5186500456730769 0.8462861298076922 0.52362984375
3 0.929179641826923 0.7192083942307692 0.9247449975961538 0.7099999350961539 0.9189097475961538 0.7115092475961539 0.9161977548076923 0.7117176009615385 0.9148714951923077 0.7047460456730769 0.9160635168269231 0.6975810192307693 0.9130445528846154 0.6971056129807691 0.9122012620192308 0.7088415841346154 0.9143918004807693 0.7175151057692308 0.9185671418269231 0.7239141033653845 0.9191213894230769 0.7164444038461538 0.923350298076923 0.7147048245192308 0.9270249591346154 0.7204349471153846 0.929179641826923 0.7192083942307692
3 0.9223666490384616 0.6953284134615385 0.9303089158653847 0.6947182427884615 0.9241487740384616 0.6905937596153847 0.9186353629807692 0.6892489687500001 0.9119417451923078 0.6830434399038462 0.9171274110576924 0.6932552163461538 0.9223666490384616 0.6953284134615385
3 0.4451442043269231 0.3054626057692308 0.4481244639423077 0.3105387307692308 0.44812752403846157 0.3190266322115385 0.45071139663461535 0.3216575024038461 0.45086029326923077 0.30926753125 0.45267215144230766 0.29745714423076924 0.4583285528846154 0.2924248461538462 0.4534349831730769 0.2864346947115385 0.44823750721153843 0.2882486875 0.44157668269230765 0.2834553245192308 0.4354821322115384 0.28215518509615384 0.43127115144230765 0.2888447980769231 0.4266935144230769 0.28601343028846155 0.42879462740384616 0.2929254567307692 0.4315722139423077 0.2955414447115384 0.43389983653846154 0.3038507596153846 0.4365403365384615 0.3068309519230769 0.4411328413461538 0.3061244567307692 0.4451442043269231 0.3054626057692308
3 0.5675949591346154 0.2720054903846154 0.5726135913461539 0.26666851682692305 0.5721516105769231 0.2613989254807692 0.5680836201923077 0.26171144951923075 0.5633063653846154 0.26490784615384616 0.5587853557692308 0.26242580048076924 0.5572774038461539 0.26643204326923076 0.5615242403846155 0.2696425 0.5551316850961538 0.2701336153846154 0.5479940096153846 0.2636085264423077 0.5500564254807693 0.27512126682692306 0.55708084375 0.28094771153846154 0.5625137956730769 0.2830060264423077 0.5664357355769231 0.28058268509615386 0.5675949591346154 0.2720054903846154
3 0.5208976947115385 0.24164050480769234 0.5245961826923077 0.24630777884615382 0.5302466778846153 0.24728836298076923 0.5378461225961538 0.2360943557692308 0.5389456586538461 0.21867993990384615 0.5357329831730769 0.2182194110576923 0.5342370552884615 0.23318857692307693 0.5269922427884615 0.2429406466346154 0.521493701923077 0.23805799038461536 0.5208976947115385 0.24164050480769234
3 0.56432103125 0.41514064663461536 0.5593411009615384 0.4158769086538462 0.5556159350961538 0.42677327163461537 0.5680643413461538 0.43218301201923076 0.5792072620192308 0.4210704471153846 0.57598846875 0.40363411538461536 0.5698880120192308 0.40834685576923074 0.56432103125 0.41514064663461536
3 0.6062108846153846 0.4098003870192307 0.6054985600961539 0.40419635576923074 0.6002652259615384 0.3961102740384615 0.58998046875 0.3919489975961538 0.5924123846153846 0.3984819350961538 0.6004768677884615 0.4010454278846154 0.6035465552884616 0.4078830456730769 0.6009806129807692 0.41020220673076924 0.5950141826923077 0.40606284375 0.5930055504807693 0.4094002115384615 0.6041545865384615 0.4152634495192308 0.6062108846153846 0.4098003870192307
3 0.5692110480769231 0.6800192451923077 0.5773291009615384 0.6744441538461537 0.5840227235576922 0.6806496850961538 0.58452034375 0.6728306634615385 0.5753889038461538 0.6661050745192308 0.5671099326923077 0.6731072163461539 0.5692110480769231 0.6800192451923077
3 0.46322248317307696 0.6577460937499999 0.4645813221153846 0.6431411298076923 0.4614401418269231 0.6394920600961539 0.4598934903846154 0.6480990216346154 0.4608082764423077 0.6331745000000001 0.4556733317307692 0.6293249278846154 0.4499126394230769 0.6361336009615385 0.44771029326923073 0.6394858509615384 0.451659125 0.6444875649038462 0.44708454567307687 0.65014409375 0.45134034615384616 0.6558295721153846 0.4524280745192308 0.6504409182692308 0.4524965096153846 0.6387644735576923 0.4561919423076923 0.6349438461538461 0.45642150961538464 0.6448290336538461 0.4578848581730769 0.6514363846153847 0.45916345432692307 0.6605336370192307 0.46162816826923075 0.6684787475961538 0.4650732548076923 0.6643236802884616 0.46322248317307696 0.6577460937499999
3 0.14576009134615384 0.554106045673077 0.1392719951923077 0.5358598629807692 0.13360641826923075 0.5154284591346154 0.12856985817307692 0.5158153942307693 0.13475098557692308 0.5333778149038462 0.13545740384615385 0.5449947307692308 0.13934064423076922 0.5471721033653846 0.14288718028846153 0.5557414471153846 0.14576009134615384 0.554106045673077
3 0.4894481177884616 0.9514013798076923 0.49210960576923074 0.9678195120192308 0.49786439182692305 0.9670237235576923 0.49371878605769226 0.9535489903846154 0.4894481177884616 0.9514013798076923