3 0.8134703004807692 0.8278165769230769 0.8088483173076924 0.8154755432692308 0.7957987403846154 0.7958914350961539 0.7865390697115384 0.7821563413461539 0.7660274350961539 0.7525835504807692 0.7525115793269231 0.7396402451923076 0.7265725625 0.7396738485576922 0.7147051706730768 0.7506615336538461 0.7068631754807692 0.7709169471153847 0.7023118365384615 0.7931261682692308 0.7070515697115384 0.8071765552884614 0.7149437980769231 0.8189401322115385 0.7254531658653847 0.8329373894230769 0.7399675240384614 0.8536711129807693 0.7579389471153846 0.877657048076923 0.7726432716346154 0.8832687235576924 0.783119670673077 0.88672996875 0.7926179759615385 0.8849320625 0.7981521153846154 0.88146021875 0.8066158173076924 0.8802876009615385 0.8105470168269231 0.8714255264423076 0.8105140480769231 0.8608895144230769 0.8128988341346154 0.8407527692307692 0.8134703004807692 0.8278165769230769
4 0.039945350961538464 0.48949893269230765 0.05429172115384616 0.47650431009615385 0.0497388125 0.4662835889423077 0.035392442307692305 0.4792782139423077 0.039945350961538464 0.48949893269230765
4 0.3464816466346154 0.8048181899038462 0.3356237475961539 0.79917109375 0.3326376658653846 0.8027563052884615 0.34546744711538463 0.8079747403846155 0.3464816466346154 0.8048181899038462
4 0.34767482451923076 0.8109647884615385 0.358564125 0.794717954326923 0.35510705528846154 0.7914657427884616 0.34546744711538463 0.8079747403846155 0.34767482451923076 0.8109647884615385
4 0.3095748317307692 0.7920218581730769 0.3192803774038462 0.7965848846153847 0.3203919134615385 0.7926064278846153 0.3106863701923077 0.7880433990384615 0.3095748317307692 0.7920218581730769
4 0.31955668750000005 0.805066125 0.32033539663461535 0.7984908653846153 0.30865797115384613 0.7943565024038463 0.3074490961538462 0.7991568677884615 0.31955668750000005 0.805066125
4 0.16753419711538461 0.9652253317307693 0.1733675048076923 0.9580257740384616 0.16961842067307692 0.9572392860576924 0.1651736658653846 0.9647301346153847 0.16753419711538461 0.9652253317307693
4 0.4909909399038461 0.9850678725961538 0.5015568245192308 0.9931806923076922 0.5035852259615384 0.98686759375 0.4935468485576923 0.9797077644230769 0.4909909399038461 0.9850678725961538
4 0.5199694158653846 0.9945163317307693 0.5332858846153846 0.9956252235576923 0.5332450673076923 0.9905626947115385 0.5204561057692307 0.9904067908653846 0.5199694158653846 0.9945163317307693
4 0.5325637019230769 0.9963160504807692 0.54203375 0.9974603629807692 0.5424231009615385 0.9941727283653846 0.5343974230769231 0.991646764423077 0.5325637019230769 0.9963160504807692
4 0.8673657572115385 0.6782382620192308 0.8753914375 0.6807642283653846 0.8772251586538461 0.6760949447115384 0.8686719711538462 0.6726159879807692 0.8673657572115385 0.6782382620192308
4 0.88936415625 0.6601102716346153 0.8846165721153846 0.6515333677884616 0.8823526778846154 0.6544277548076922 0.8858505649038461 0.6627424951923077 0.88936415625 0.6601102716346153
4 0.7712020600961539 0.6142638653846154 0.7774819374999999 0.5936807524038461 0.7744550384615384 0.5922034350961538 0.7682725 0.6119646466346154 0.7712020600961539 0.6142638653846154
4 0.6027068028846154 0.29589460817307695 0.5933906105769231 0.2880439471153846 0.5911267139423078 0.2909383365384616 0.5912648725961538 0.2951789567307692 0.6016926009615384 0.29905115625 0.6027068028846154 0.29589460817307695
4 0.21136393990384614 0.1775780528846154 0.2235437548076923 0.16665591105769229 0.2195183557692308 0.15738818028846155 0.20589417067307692 0.16969197596153848 0.21136393990384614 0.1775780528846154
4 0.4156599735576923 1 0.4179905504807693 0.9958659062499999 0.4145334807692308 0.9926136923076924 0.4124185865384616 1 0.4156599735576923 1
4 0.39474561778846157 0.7433452259615384 0.40747806009615384 0.7493855649038461 0.40796475240384616 0.7452760264423077 0.39484295673076925 0.7425233173076923 0.39474561778846157 0.7433452259615384