4 0.1729195625 0.8474234230769231 0.16171548798076923 0.8442491009615385 0.1620610216346154 0.8537580264423077 0.21503007451923078 0.8685158317307693 0.21698515144230768 0.8445138125 0.18480316346153847 0.8410052884615384 0.1729195625 0.8474234230769231
3 0.5782236442307692 0.7619419278846155 0.5747671466346154 0.7547301730769231 0.5460535793269231 0.7577512115384616 0.5448734543269231 0.7667032403846155 0.5477816322115385 0.7760033413461538 0.5707023125 0.7823102139423077 0.576411701923077 0.7777576466346154 0.5782236442307692 0.7619419278846155
3 0.3129524567307692 0.4490793509615385 0.2841911706730769 0.45482915865384616 0.2824508028846154 0.46655171874999996 0.28218838221153847 0.4815599471153846 0.29267714663461536 0.49637329807692304 0.3117361538461539 0.4893704519230769 0.32358396875 0.4849988918269231 0.34568237259615386 0.4797920288461538 0.36109403125 0.47649249759615386 0.37620787740384615 0.46095527403846154 0.38191726923076924 0.4564027043269231 0.37955740625 0.4450142668269231 0.37238199278846157 0.44559897836538465 0.35567130769230765 0.4353799591346154 0.3129524567307692 0.4490793509615385
4 0.045942737980769234 0.9088620576923077 0.026752903846153846 0.8940765192307693 0.025322283653846152 0.9173545841346153 0.020482884615384615 0.9306921201923076 0.03118635576923077 0.9332260144230768 0.040185632211538466 0.9161433942307693 0.045942737980769234 0.9088620576923077
3 0.3888771923076923 0.5266824447115385 0.3925718653846154 0.5495428581730769 0.41089170673076925 0.5555434278846154 0.4190444639423077 0.5576039519230769 0.4272091466346154 0.5589822860576923 0.43444419471153845 0.5549866129807692 0.4337173485576923 0.5380153413461538 0.4360656730769231 0.5207934759615385 0.41680426923076924 0.5101010913461539 0.3988418870192308 0.5129272572115384 0.3888771923076923 0.5266824447115385
3 0.40006895192307695 0.559831454326923 0.4078403894230769 0.5544296322115385 0.3925957235576923 0.5481784735576923 0.38886526682692313 0.5273646370192308 0.39987887259615384 0.5121615336538462 0.3885913028846154 0.5137625600961538 0.36730324999999997 0.5311653509615385 0.38737500240384615 0.5540536634615385 0.40006895192307695 0.559831454326923
4 0.5898741057692308 0.3590726802884615 0.5922582163461538 0.3398042403846154 0.56190009375 0.3197978076923077 0.5576801899038462 0.35624634615384615 0.5898741057692308 0.3590726802884615
3 0.9405766033653846 0.3563808894230769 0.9431877860576924 0.3554868894230769 0.9424819326923076 0.3603129519230769 0.9452758341346155 0.35858659615384614 0.9457989711538463 0.3545928894230769 0.94841015625 0.3536988894230769 0.948069733173077 0.3568602427884615 0.9508636346153847 0.35513388942307694 0.9510213389423078 0.35280488701923074 0.9536575360576923 0.3534075336538462 0.9536325216346154 0.3519108846153846 0.9562437091346154 0.3510168846153846 0.9564514350961539 0.3516811778846154 0.9588548942307693 0.3501228846153846 0.9842796057692307 0.3407563605769231 0.9852655841346153 0.28436718028846153 0.9754873653846154 0.28745772355769234 0.9642236490384615 0.2876943629807692 0.9687633701923077 0.3207661442307692 0.9557843365384616 0.32292966105769233 0.9552840120192307 0.30136602163461534 0.9409331923076922 0.3025354447115384 0.9282746418269231 0.3240035721153846 0.9285008918269231 0.3403344182692308 0.9353542355769231 0.3581688942307692 0.937965420673077 0.3572748942307692 0.9389180865384615 0.35924092307692307 0.9405766033653846 0.3563808894230769
3 0.42868505528846157 0.41603286538461537 0.4263695673076923 0.41381457211538464 0.4261396394230769 0.4152563004807692 0.42370918750000003 0.413758875 0.4235942235576923 0.41447973798076926 0.4210488076923077 0.4137031778846154 0.41202182692307693 0.4226134110576923 0.4129912211538462 0.42571344471153844 0.4102497764423077 0.4263909831730769 0.40976508173076925 0.42484097115384617 0.4075083341346154 0.4270685288461538 0.44141213942307694 0.41991567788461537 0.44395755528846154 0.4206922427884615 0.4751979855769231 0.4195089543269231 0.47381546634615385 0.41076575240384616 0.4471639399038461 0.41293753846153847 0.4388667211538462 0.4191391153846154 0.43377588942307693 0.41758599038461536 0.43435071153846155 0.4139816682692308 0.4316903293269231 0.41392596875000004 0.43123047115384616 0.4168094278846154 0.4290299495192308 0.4138702692307692 0.42868505528846157 0.41603286538461537
4 0.49512077644230773 0.8899710216346153 0.4695420264423077 0.8893305120192309 0.4693511730769231 0.9002455841346154 0.5189949447115384 0.9002875192307692 0.49512077644230773 0.8899710216346153
4 0.8937639158653846 0.6585699951923077 0.8919046514423077 0.6478219807692308 0.8648121682692308 0.6459423798076924 0.8559441033653846 0.6555208846153846 0.8443821802884616 0.672812329326923 0.8724639350961538 0.6766549759615385 0.8792222451923077 0.6706544903846154 0.8937639158653846 0.6585699951923077