2 0.2404052355769231 0.36364889182692306 0.2490702091346154 0.36468748076923074 0.25470224759615384 0.36333222596153847 0.2624143557692308 0.36709903846153846 0.27126990625 0.3675919807692308 0.25111382211538463 0.35145115865384613 0.23898206009615386 0.3418757956730769 0.22787209615384615 0.3256822740384615 0.2119846201923077 0.32132131971153843 0.17031913701923077 0.31691607211538464 0.16664553605769233 0.32004910096153844 0.17107836778846153 0.32766620673076924 0.21226129326923077 0.359301 0.22073569471153845 0.3608852331730769 0.22353853846153846 0.35839904807692313 0.2310468966346154 0.36090294951923074 0.2404052355769231 0.36364889182692306
4 0.21302941346153847 0.50480396875 0.20955956490384614 0.5091999086538461 0.21512266346153847 0.5117345889423077 0.21974912980769232 0.5058733365384616 0.21302941346153847 0.50480396875
4 0.18441915384615384 0.5165614639423077 0.17897768990384616 0.5173710697115385 0.1851652091346154 0.5255030408653846 0.18441915384615384 0.5165614639423077
4 0.12617773557692308 0.6002340336538462 0.11416454567307693 0.6069356754807692 0.12420306490384615 0.6095804158653846 0.13699172355769232 0.60250475 0.12617773557692308 0.6002340336538462
4 0.021945250000000003 0.7934315360576923 0.02196853605769231 0.8099813653846154 0.02985804326923077 0.8113939759615385 0.03197059375 0.7942677235576923 0.021945250000000003 0.7934315360576923
4 0.0047530096153846155 0.816972983173077 0.011233600961538462 0.8185619855769232 0.02107143269230769 0.8070110985576923 0.00926505048076923 0.8020429375 0.0047001802884615385 0.8078922524038461 0.0047530096153846155 0.816972983173077
4 0.013835757211538461 0.801880173076923 0.004651536057692308 0.799531 0.004706788461538462 0.8090283870192307 0.013835757211538461 0.801880173076923
4 0.00486728125 0.8366144423076923 0.005733310096153846 0.8380028028846154 0.01554173076923077 0.8357675192307692 0.0052204158653846155 0.8210085288461539 0.004776646634615384 0.8210358509615384 0.00486728125 0.8366144423076923
4 0.01889514903846154 0.7486224350961539 0.004325038461538462 0.7434111009615385 0.004338432692307693 0.7457131514423078 0.01889514903846154 0.7486224350961539
4 0.04234888942307692 0.6833166610576923 0.05154606490384615 0.6772926442307692 0.04451413942307692 0.6734246322115385 0.032106625 0.6794090096153845 0.0355470625 0.684328673076923 0.04234888942307692 0.6833166610576923
4 0.029382829326923078 0.69274653125 0.04250698798076923 0.7050193365384616 0.05163522355769231 0.7028852548076923 0.034620543269230766 0.6906740072115384 0.029382829326923078 0.69274653125
4 0.11885290384615385 0.5695104975961539 0.1028275528846154 0.5729294134615385 0.11511036778846154 0.5765334615384615 0.12860556009615384 0.5729737067307693 0.11885290384615385 0.5695104975961539
4 0.4489633533653846 0.04345319471153846 0.4407748125 0.04105049759615384 0.43553709855769235 0.04312301442307693 0.4418756658653846 0.04528367548076923 0.45036324278846157 0.04867645913461539 0.4489633533653846 0.04345319471153846
4 0.1141575 0.5792616850961538 0.10262380528846153 0.5716665 0.08609566826923078 0.5728324158653846 0.07249201201923076 0.5748564350961538 0.06072515625 0.5753139447115385 0.08951987019230769 0.5888762403846154 0.10060654086538462 0.5885199302884615 0.10291977403846153 0.5855893052884615 0.10394158173076923 0.5789711442307692 0.1141575 0.5792616850961538