2 0.7965686274038462 0.35416666586538464 0.826388889423077 0.35968137259615385 0.8533496730769231 0.3556985288461538 0.8717320264423076 0.34589460817307693 0.9403594759615385 0.25153186298076924 0.9089052283653847 0.2613357836538462 0.8688725480769232 0.2613357836538462 0.8308823533653846 0.2545955889423077 0.8031045745192308 0.24325980288461538 0.7822712427884616 0.22549019711538462 0.7679738557692308 0.3183210793269231 0.7667483653846153 0.33333333413461536 0.7781862740384615 0.34558823557692303 0.7965686274038462 0.35416666586538464
3 0.8292483653846153 0.2542892163461538 0.8635620913461538 0.2604166658653846 0.8950163389423077 0.2619485288461539 0.921977125 0.2564338245192308 0.9379084975961539 0.2524509807692308 0.94934640625 0.24601715625 0.9591503269230769 0.23682598076923078 0.9616013076923077 0.22457107932692308 0.9611928100961538 0.21292892067307692 0.9575163389423077 0.2015931370192308 0.953022875 0.19178921634615384 0.9444444447115384 0.18198529326923077 0.9272875817307693 0.17279411778846152 0.9080882355769231 0.16544117548076923 0.880718954326923 0.16053921634615384 0.8529411754807692 0.1608455889423077 0.8218954254807692 0.16819852884615386 0.8055555552884616 0.17861519711538462 0.7982026153846153 0.18351715625 0.7871732019230768 0.19332107932692308 0.7806372548076923 0.2015931370192308 0.77736928125 0.21139705769230768 0.7810457524038461 0.22579656971153844 0.802696079326923 0.24417892067307692 0.8292483653846153 0.2542892163461538
3 0.4285130721153846 0.6871936274038462 0.4285130721153846 0.6957720576923077 0.4260620913461538 0.7141544110576923 0.4232026153846154 0.7380514711538461 0.41830065384615384 0.7576593149038462 0.41830065384615384 0.7640931370192308 0.4297385625 0.7711397067307693 0.4432189543269231 0.7726715697115385 0.45588235336538463 0.7686887259615385 0.4660947716346154 0.7306985288461539 0.47263071875 0.7028186274038462 0.4730392163461538 0.6951593149038462 0.48815359375 0.6770833341346154 0.49918300721153847 0.6583946081730769 0.5163398701923076 0.5698529423076922 0.5159313725961538 0.5621936274038462 0.5081699350961538 0.5533088245192308 0.49346405288461537 0.5471813725961538 0.4742647067307692 0.5453431370192308 0.45506536057692304 0.5484068629807692 0.44158496634615385 0.5560661754807692 0.4195261442307692 0.6473651971153846 0.41789215625000004 0.6608455889423077 0.4248366009615384 0.6764705889423077 0.4285130721153846 0.6871936274038462
4 0.31209150240384614 0.7080269615384616 0.3194444447115385 0.7015931370192308 0.3010620913461538 0.6841299014423078 0.2916666658653846 0.6878063725961538 0.3047385625 0.7018995096153847 0.31209150240384614 0.7080269615384616
4 0.39828431490384614 0.5750612740384615 0.37990196153846156 0.5818014711538462 0.3819444447115385 0.587622548076923 0.40808823557692303 0.5787377451923077 0.39828431490384614 0.5750612740384615
4 0.24591503365384615 0.8912377451923077 0.2961601298076923 0.8930759807692308 0.296977125 0.884803920673077 0.24632352884615386 0.8823529423076923 0.24591503365384615 0.8912377451923077
4 0.18709150240384617 0.8563112740384615 0.2050653605769231 0.86335784375 0.20996731971153848 0.859375 0.1919934639423077 0.8504901971153846 0.1830065360576923 0.849571079326923 0.17156862740384618 0.8443627451923077 0.1662581706730769 0.8504901971153846 0.1752450985576923 0.8544730384615384 0.18709150240384617 0.8563112740384615
3 0.40686274519230764 0.5303308822115385 0.41421568509615386 0.5159313725961538 0.4207516346153846 0.4941789206730769 0.42116012980769235 0.4699754903846154 0.421977125 0.4589460793269231 0.4150326802884615 0.45373774519230764 0.40236928125 0.45710784374999996 0.3880718942307692 0.4561887259615384 0.2561274519230769 0.44362745192307695 0.24468954326923079 0.44362745192307695 0.2328431370192308 0.45955882451923075 0.23039215625 0.47058823557692303 0.2287581706730769 0.4785539206730769 0.2287581706730769 0.48958333413461536 0.2328431370192308 0.49969362740384615 0.3794934639423077 0.5349264711538462 0.3848039206730769 0.5404411754807692 0.39705882451923075 0.5389093149038462 0.40686274519230764 0.5303308822115385
3 0.3819444447115385 0.49724264663461537 0.37908496634615385 0.5119485288461538 0.3782679735576923 0.5254289206730769 0.3782679735576923 0.53523284375 0.3831699350961539 0.5395220576923078 0.39256536057692304 0.5404411754807692 0.41013071875 0.5410539206730769 0.4244281057692308 0.5382965697115385 0.43831699278846153 0.53125 0.4477124182692308 0.5232843149038462 0.45343137259615385 0.5107230384615384 0.45669934615384616 0.5012254903846154 0.4575163389423077 0.4926470576923077 0.4542483653846154 0.4810049014423077 0.4448529423076923 0.46905637259615385 0.43341503365384615 0.46231617548076925 0.42238562019230774 0.45710784374999996 0.4174836610576923 0.45343137259615385 0.4105392163461538 0.45281862740384615 0.39991830048076926 0.4604779423076923 0.39133987019230765 0.47150735336538463 0.3852124182692308 0.48406862740384615 0.3819444447115385 0.49724264663461537
3 0.28717320192307694 0.47150735336538463 0.31862745192307695 0.47824754807692305 0.5347222211538462 0.5327818629807692 0.5343137259615385 0.5269607836538461 0.31862745192307695 0.47150735336538463 0.2806372548076923 0.4641544110576923 0.2700163389423077 0.4653799014423077 0.28717320192307694 0.47150735336538463
4 0.43709150240384614 0.51164215625 0.421977125 0.5049019615384616 0.41707516346153845 0.5091911754807692 0.4338235288461538 0.5171568629807692 0.43709150240384614 0.51164215625
4 0.49468954326923076 0.5091911754807692 0.47916666586538464 0.5064338245192308 0.46732026201923077 0.5030637259615385 0.4660947716346154 0.5085784302884615 0.4914215697115385 0.5150122548076923 0.49468954326923076 0.5091911754807692
4 0.34150326682692306 0.9669117644230769 0.3198529423076923 0.9862132355769231 0.33006536057692304 0.9929534302884615 0.34436274519230764 0.9770220576923077 0.34150326682692306 0.9721200985576922 0.34150326682692306 0.9669117644230769
4 0.45792483653846155 0.3817401971153846 0.46364379086538465 0.38143382451923075 0.46691176442307697 0.3639705889423077 0.46037581730769234 0.36427696153846156 0.45792483653846155 0.3817401971153846