3 0.36052045913461533 0.2801065384615385 0.36571163221153846 0.3013958533653846 0.37133403125 0.3220581826923077 0.38437177403846157 0.30035513461538466 0.3904460120192308 0.28465730048076926 0.3824188894230769 0.28156669471153845 0.3766582596153846 0.27071775721153846 0.3643477980769231 0.2525704543269231 0.3579620048076923 0.26254188221153846 0.36052045913461533 0.2801065384615385
4 0.3768491778846154 0.44243343990384615 0.38028761538461536 0.47142071153846155 0.3842232860576923 0.4715344110576923 0.3806105048076923 0.44314393509615385 0.3768491778846154 0.44243343990384615
4 0.34223383894230774 0.46667273798076925 0.33116960096153847 0.4714310504807692 0.33315033653846154 0.4850294927884615 0.34404951682692303 0.47913797596153845 0.34223383894230774 0.46667273798076925
4 0.3496212764423077 0.2859980528846154 0.3424927091346154 0.2908700673076923 0.34381320192307696 0.29993569471153847 0.3520610889423077 0.2937795096153846 0.3496212764423077 0.2859980528846154
4 0.3138382644230769 0.6394432908653845 0.32633235576923075 0.6552637980769231 0.3363773485576923 0.6650328485576923 0.3366899302884615 0.6546226634615385 0.32825015625 0.6486990528846154 0.3154352283653846 0.628882139423077 0.3138382644230769 0.6394432908653845
4 0.3070233028846154 0.6177685312500001 0.29636243269230766 0.6270898509615385 0.2989487379807692 0.6394645096153847 0.3103162716346154 0.6260260096153847 0.3070233028846154 0.6177685312500001
4 0.3195431923076923 0.6606722211538462 0.3244125048076923 0.694101721153846 0.3298069014423077 0.6934676610576923 0.3241762475961538 0.6583987427884614 0.3195431923076923 0.6606722211538462
4 0.20588947115384615 0.7431874519230769 0.19291671634615384 0.7527805120192308 0.19387923317307693 0.7647697259615385 0.20745755528846152 0.7539528822115386 0.20588947115384615 0.7431874519230769
4 0.2095342644230769 0.8453408725961539 0.19895694951923076 0.8390922067307692 0.1976993966346154 0.850189766826923 0.2106804110576923 0.855003295673077 0.2095342644230769 0.8453408725961539
4 0.4307747043269231 0.7265514254807692 0.43247897115384615 0.7597766466346154 0.4380384302884615 0.7602757884615384 0.4353799038461539 0.7294679399038462 0.4307747043269231 0.7265514254807692
4 0.37740820913461537 0.16286105048076924 0.3802080456730769 0.13544574038461538 0.37595153605769227 0.1313356346153846 0.3730052043269231 0.15415774519230768 0.37740820913461537 0.16286105048076924