0 0.6229575168269231 0.24325980288461538 0.6213235288461539 0.22579656971153844 0.6205065360576923 0.21476715625 0.6123366009615384 0.20741421634615384 0.6000816995192307 0.2025122548076923 0.5890522884615385 0.2012867644230769 0.5808823533653846 0.2297794110576923 0.5874183004807693 0.2337622548076923 0.5947712427884615 0.23468137259615382 0.6004901971153846 0.25275735336538463 0.6160130721153846 0.25030637259615385 0.6229575168269231 0.24325980288461538
0 0.43341503365384615 0.21200980288461538 0.4276960793269231 0.2141544110576923 0.42034313701923076 0.21476715625 0.421977125 0.2205882355769231 0.43218954326923076 0.22242647115384614 0.43668300721153847 0.2159926466346154 0.43341503365384615 0.21200980288461538
0 0.64460784375 0.1550245096153846 0.6364379086538462 0.15012254807692307 0.6335784302884615 0.1547181370192308 0.6339869278846154 0.16176470673076923 0.6413398701923078 0.16176470673076923 0.6466503269230769 0.1596200985576923 0.64460784375 0.1550245096153846
0 0.326388889423077 0.3379289206730769 0.32965686298076924 0.32169117548076925 0.31903594711538463 0.3213848028846154 0.326388889423077 0.3379289206730769
0 0.3717320264423077 0.3268995096153846 0.38153594711538463 0.31862745192307695 0.3713235288461538 0.31648284374999996 0.3717320264423077 0.3268995096153846
0 0.48284313701923076 0.3412990192307692 0.47589869230769233 0.3400735288461538 0.4730392163461538 0.3471200985576923 0.4742647067307692 0.35324754807692305 0.484477125 0.35416666586538464 0.48651960817307693 0.34650735336538463 0.48284313701923076 0.3412990192307692
0 0.5183823533653846 0.3823529423076923 0.5228758173076924 0.37775735336538463 0.5208333341346154 0.35876225480769236 0.5081699350961538 0.3661151971153846 0.506127451923077 0.3792892163461538 0.5130718942307693 0.3964460793269231 0.5187908485576923 0.3961397067307692 0.5183823533653846 0.3823529423076923
0 0.48366012980769235 0.37224264663461537 0.4926470576923077 0.36979166586538464 0.48815359375 0.3661151971153846 0.48366012980769235 0.37224264663461537
0 0.4918300649038461 0.25030637259615385 0.48161764663461537 0.2524509807692308 0.47508169951923074 0.2524509807692308 0.4812091514423077 0.25704656971153844 0.4873366009615384 0.2573529423076923 0.4942810456730769 0.2545955889423077 0.4918300649038461 0.25030637259615385
0 0.5584150336538461 0.3238357836538462 0.568218954326923 0.32996323557692303 0.5727124182692308 0.32598039182692307 0.5718954254807692 0.3226102932692308 0.5584150336538461 0.3238357836538462
0 0.5620915024038461 0.34436274519230764 0.5657679735576923 0.3480392163461538 0.5718954254807692 0.3406862740384616 0.5625 0.3406862740384616 0.5620915024038461 0.34436274519230764
0 0.43341503365384615 0.47671568509615386 0.42687908413461534 0.4757965697115385 0.41789215625000004 0.484375 0.42279411778846154 0.48927696153846156 0.42810457451923073 0.48713235336538463 0.4362745096153846 0.48713235336538463 0.43831699278846153 0.48284313701923076 0.43341503365384615 0.47671568509615386
0 0.42034313701923076 0.43106617548076925 0.4260620913461538 0.43688725480769236 0.4317810456730769 0.42585784374999996 0.42810457451923073 0.42371323557692303 0.42034313701923076 0.43106617548076925
0 0.4730392163461538 0.48253676442307697 0.45915032692307695 0.48345588221153846 0.45465686298076924 0.4874387259615384 0.46078431490384614 0.49356617548076925 0.4742647067307692 0.5009191177884615 0.48039215625000004 0.4911151971153846 0.4730392163461538 0.48253676442307697
0 0.48529411778846154 0.7873774519230768 0.49509803846153844 0.7889093149038462 0.49346405288461537 0.7732843149038462 0.4942810456730769 0.7631740192307692 0.4914215697115385 0.7555147067307693 0.4967320264423077 0.7487745096153847 0.4922385625 0.7429534302884615 0.4812091514423077 0.7398897067307693 0.4812091514423077 0.7276348028846154 0.47671568509615386 0.7153799014423078 0.47794117548076925 0.7046568629807692 0.44362745192307695 0.6887254903846153 0.4375 0.69914215625 0.4350490192307692 0.7037377451923077 0.4244281057692308 0.7040441177884615 0.4187091514423077 0.7107843149038462 0.4297385625 0.7212009807692308 0.4317810456730769 0.7254901971153846 0.4207516346153846 0.7334558822115385 0.4089052283653846 0.7319240192307692 0.4093137259615384 0.7386642163461539 0.40645424759615384 0.7512254903846153 0.41094771153846155 0.7542892163461539 0.41666666586538464 0.7619485288461539 0.42156862740384615 0.7622549014423078 0.43341503365384615 0.75398284375 0.4207516346153846 0.7447916658653846 0.4195261442307692 0.7408088245192308 0.4342320264423077 0.7521446081730769 0.4517973846153846 0.77726715625 0.4587418293269231 0.775428920673077 0.48529411778846154 0.7873774519230768
0 0.6339869278846154 0.6957720576923077 0.6413398701923078 0.7037377451923077 0.6315359471153846 0.7123161754807692 0.6196895432692308 0.7212009807692308 0.6107026153846153 0.7346813725961538 0.6070261442307692 0.7417279423076923 0.6139705889423077 0.7472426466346154 0.6270424831730769 0.7509191177884615 0.6441993461538461 0.7493872548076923 0.6372549014423078 0.7484681370192308 0.6339869278846154 0.7377450985576922 0.6458333341346154 0.7294730384615384 0.6638071899038462 0.7267156850961538 0.6740196081730769 0.7212009807692308 0.6805555552884616 0.7110906850961538 0.6830065360576923 0.7037377451923077 0.6801470576923077 0.6881127451923077 0.6732026153846153 0.6853553918269231 0.6609477115384615 0.6822916658653846 0.6576797379807692 0.67585784375 0.6580882355769231 0.6632965697115385 0.63684640625 0.6623774519230768 0.6315359471153846 0.6691176466346154 0.634803920673077 0.6752450985576922 0.6323529423076923 0.677696079326923 0.6290849663461539 0.6819852932692307 0.6311274519230768 0.6871936274038462 0.6262254903846153 0.6850490192307692 0.6184640528846154 0.6801470576923077 0.609477125 0.6703431370192308 0.5988562091346153 0.6749387259615385 0.5902777788461538 0.6783088245192308 0.5816993461538462 0.6810661754807692 0.5804738557692308 0.6920955889423077 0.58210784375 0.69914215625 0.5968137259615385 0.7018995096153847 0.6115196081730769 0.7022058822115385 0.6339869278846154 0.6957720576923077
0 0.4276960793269231 0.78125 0.4350490192307692 0.7784926466346154 0.43464052403846154 0.7708333341346154 0.4207516346153846 0.7720588245192308 0.4129901971153846 0.78125 0.4105392163461538 0.7787990192307692 0.4150326802884615 0.7748161754807692 0.40645424759615384 0.7781862740384615 0.41380718990384613 0.78523284375 0.42034313701923076 0.7904411754807692 0.4301470576923077 0.7861519615384616 0.4276960793269231 0.78125
0 0.4464869278846154 0.7751225480769232 0.4289215697115385 0.7824754903846153 0.4501633990384616 0.7919730384615384 0.45792483653846155 0.7879901971153846 0.45506536057692304 0.7803308822115385 0.4464869278846154 0.7751225480769232
0 0.5114379086538462 0.6295955889423077 0.5179738557692308 0.630821079326923 0.5261437908653847 0.625 0.5134803918269231 0.6222426466346154 0.5114379086538462 0.6295955889423077
0 0.5747549014423077 0.6194852932692307 0.5788398701923076 0.6332720576923077 0.5894607836538461 0.6259191177884615 0.5829248365384616 0.6216299014423078 0.5747549014423077 0.6194852932692307
0 0.32434640625 0.5891544110576923 0.328022875 0.5958946081730769 0.33455882451923075 0.587622548076923 0.33006536057692304 0.5839460793269231 0.32434640625 0.5891544110576923
0 0.5571895432692308 0.9286151971153846 0.546977125 0.9209558822115385 0.5392156850961538 0.9350490192307692 0.5392156850961538 0.947303920673077 0.5535130721153846 0.9408700985576922 0.5620915024038461 0.9353553918269231 0.5571895432692308 0.9286151971153846
0 0.5845588245192308 0.4286151971153846 0.5796568629807692 0.43229166586538464 0.5796568629807692 0.43933823557692303 0.5845588245192308 0.4399509807692308 0.5849673197115385 0.4329044110576923 0.5845588245192308 0.4286151971153846
0 0.388888889423077 0.07475490144230769 0.39011437980769226 0.08241421634615385 0.39869281009615387 0.0787377451923077 0.3962418293269231 0.06893382451923077 0.388888889423077 0.07475490144230769
0 0.5 0.36427696153846156 0.5044934639423077 0.36856617548076925 0.5102124182692308 0.3664215697115385 0.49959150240384614 0.3563112740384616 0.5 0.36427696153846156
4 0.1172385625 0.33026960817307693 0.1205065360576923 0.3256740192307692 0.12091503365384616 0.32169117548076925 0.12091503365384616 0.3161764711538462 0.11356209134615385 0.3125 0.10212418269230769 0.3155637259615384 0.09640522836538461 0.31862745192307695 0.09354575240384616 0.3247549014423077 0.09967320192307692 0.3268995096153846 0.10661764663461538 0.32996323557692303 0.1172385625 0.33026960817307693
4 0.6200980384615384 0.55851715625 0.6200980384615384 0.5631127451923077 0.6241830072115384 0.5762867644230769 0.630718954326923 0.5772058822115385 0.6254084975961539 0.55851715625 0.6200980384615384 0.55851715625
0 0.13929738461538463 0.19240196153846154 0.12704248317307693 0.2003676466346154 0.12295751682692307 0.20955882451923077 0.13521241826923075 0.20220588221153848 0.13929738461538463 0.19577205769230768 0.13929738461538463 0.19240196153846154