1 0.5816993461538462 0.4745710793269231 0.5784313725961538 0.4733455889423077 0.5747549014423077 0.4724264711538462 0.5727124182692308 0.4724264711538462 0.5718954254807692 0.4721200985576923 0.5690359471153846 0.47150735336538463 0.5649509807692308 0.47028186298076924 0.556372548076923 0.46875 0.5518790841346154 0.46783088221153846 0.548611110576923 0.4656862740384616 0.5445261442307692 0.4653799014423077 0.5375816995192307 0.4653799014423077 0.5334967331730769 0.4662990192307692 0.5302287572115385 0.46783088221153846 0.5269607836538461 0.47089460817307693 0.5236928100961539 0.4718137259615384 0.5220588245192308 0.47487745192307695 0.51960784375 0.47947303846153844 0.5142973846153847 0.4911151971153846 0.5110294110576923 0.5003063725961538 0.5102124182692308 0.5015318629807692 0.5081699350961538 0.506127451923077 0.5053104567307692 0.5143995096153846 0.5040849663461539 0.5189950985576923 0.5036764711538462 0.5232843149038462 0.5036764711538462 0.5275735288461538 0.5049019615384616 0.5324754903846154 0.5049019615384616 0.5343137259615385 0.5093954254807692 0.5349264711538462 0.5102124182692308 0.5358455889423077 0.5081699350961538 0.5364583341346154 0.506127451923077 0.5376838245192308 0.5053104567307692 0.5395220576923078 0.5065359471153846 0.5425857836538461 0.5085784302884615 0.5447303918269231 0.5102124182692308 0.546875 0.5122549014423077 0.5484068629807692 0.5159313725961538 0.5487132355769231 0.5183823533653846 0.5484068629807692 0.5228758173076924 0.5499387259615385 0.5273692812499999 0.55085784375 0.5306372548076923 0.5499387259615385 0.5326797379807693 0.5481004903846154 0.5339052283653847 0.5481004903846154 0.5371732019230769 0.5465686274038462 0.5367647067307693 0.5456495096153846 0.5396241826923076 0.5441176466346154 0.5383986923076923 0.5395220576923078 0.5453431370192308 0.540747548076923 0.5547385625 0.5441176466346154 0.5616830072115385 0.5462622548076923 0.5629084975961539 0.5441176466346154 0.5657679735576923 0.540747548076923 0.5714869278846154 0.5333946081730769 0.5772058822115385 0.5248161754807692 0.5808823533653846 0.5174632355769231 0.584150326923077 0.509497548076923 0.5882352932692307 0.49846813701923076 0.5898692812499999 0.4926470576923077 0.5919117644230769 0.4877450985576923 0.5923202620192307 0.48345588221153846 0.5931372548076923 0.47947303846153844 0.5886437908653847 0.4773284302884615 0.5849673197115385 0.4757965697115385 0.5816993461538462 0.4745710793269231
1 0.506127451923077 0.5376838245192308 0.5053104567307692 0.5392156850961538 0.505718954326923 0.540747548076923 0.5073529423076922 0.5435049014423077 0.5089869278846154 0.5456495096153846 0.5106209158653846 0.5471813725961538 0.5122549014423077 0.5484068629807692 0.5151143798076923 0.5487132355769231 0.5171568629807692 0.5484068629807692 0.5187908485576923 0.5477941177884615 0.5204248365384616 0.5459558822115385 0.5208333341346154 0.5441176466346154 0.51960784375 0.5419730384615384 0.517565360576923 0.5395220576923078 0.5159313725961538 0.5370710793269231 0.513888889423077 0.5358455889423077 0.5110294110576923 0.5358455889423077 0.5093954254807692 0.5361519615384616 0.5073529423076922 0.5367647067307693 0.506127451923077 0.5376838245192308
4 0.7528594759615385 0.48161764663461537 0.7528594759615385 0.48498774519230764 0.7512254903846153 0.4880514711538462 0.7524509807692308 0.49234068509615386 0.7553104567307692 0.49785539182692307 0.7540849663461539 0.5006127451923077 0.7561274519230768 0.5030637259615385 0.7581699350961538 0.5070465697115385 0.7602124182692307 0.5140931370192308 0.7606209158653846 0.5211397067307693 0.7606209158653846 0.5257352932692307 0.7626633990384615 0.53125 0.763888889423077 0.5315563725961538 0.7651143798076923 0.5309436274038462 0.7724673197115385 0.5340073533653846 0.7716503269230769 0.5278799014423077 0.7720588245192308 0.5177696081730769 0.7720588245192308 0.5091911754807692 0.7728758173076924 0.5012254903846154 0.7745098028846154 0.4944852932692308 0.7765522884615385 0.4886642163461538 0.7785947716346153 0.48406862740384615 0.7749183004807693 0.4813112740384616 0.771241829326923 0.47824754807692305 0.7659313725961538 0.47487745192307695 0.7626633990384615 0.47273284374999996 0.7614379086538462 0.47058823557692303 0.7536764711538461 0.4712009807692308 0.7561274519230768 0.4754901971153846 0.7528594759615385 0.47824754807692305 0.7528594759615385 0.48161764663461537
4 0.08741830048076923 0.8811274519230768 0.09558823557692307 0.8609068629807692 0.08578431490384616 0.8596813725961538 0.07761437980769231 0.8799019615384616 0.08741830048076923 0.8811274519230768
4 0.14460784375 0.34558823557692303 0.1413398701923077 0.35845588221153846 0.14705882451923077 0.35845588221153846 0.1511437908653846 0.3468137259615384 0.14460784375 0.34558823557692303
4 0.15767973798076923 0.41544117548076925 0.16176470673076923 0.4252450985576923 0.1691176466346154 0.42463235336538463 0.16421568509615386 0.4148284302884615 0.15767973798076923 0.41544117548076925
4 0.14297385576923077 0.1544117644230769 0.15849673317307691 0.15379901923076925 0.15849673317307691 0.15134803846153846 0.14297385576923077 0.15196078365384616 0.14297385576923077 0.1544117644230769
4 0.1699346394230769 0.16421568509615386 0.17156862740384618 0.17218137259615382 0.1764705889423077 0.17279411778846152 0.17483660096153847 0.16360294230769232 0.1699346394230769 0.16421568509615386
4 0.1544117644230769 0.18995098076923078 0.16176470673076923 0.18995098076923078 0.16421568509615386 0.1856617644230769 0.15359477163461538 0.1862745096153846 0.1544117644230769 0.18995098076923078
4 0.1830065360576923 0.2169117644230769 0.18137254807692307 0.22671568509615386 0.18709150240384617 0.22732843028846156 0.1887254903846154 0.2181372548076923 0.1830065360576923 0.2169117644230769
4 0.11683006490384615 0.3051470576923077 0.11928104567307692 0.3082107836538462 0.1307189543269231 0.3026960793269231 0.12990196153846154 0.3002450985576923 0.12826797355769232 0.30085784375 0.11683006490384615 0.3051470576923077
4 0.2573529423076923 0.2199754903846154 0.27532679807692306 0.21568627403846152 0.2745098028846154 0.21323529326923077 0.2557189543269231 0.2169117644230769 0.2573529423076923 0.2199754903846154
4 0.24509803846153846 0.14460784375 0.2581699350961538 0.14828431490384616 0.2606209158653846 0.14583333413461538 0.24591503365384615 0.14154411778846154 0.24509803846153846 0.14460784375
4 0.3251633990384616 0.12254901923076923 0.31535947596153846 0.1256127451923077 0.3161764711538462 0.12867647115384614 0.32761437980769226 0.1243872548076923 0.3251633990384616 0.12254901923076923
4 0.3717320264423077 0.09742647115384616 0.3717320264423077 0.09987745192307693 0.3872549014423077 0.09987745192307693 0.38970588221153846 0.09803921634615385 0.3880718942307692 0.09681372596153846 0.3717320264423077 0.09742647115384616
4 0.32761437980769226 0.08088235336538462 0.33741830048076926 0.08088235336538462 0.33741830048076926 0.07781862740384615 0.3267973846153846 0.07904411778846154 0.32761437980769226 0.08088235336538462
4 0.361111110576923 0.05147058894230769 0.3717320264423077 0.04840686298076923 0.3692810456730769 0.045955882211538464 0.35866012980769235 0.049632353365384616 0.361111110576923 0.05147058894230769
4 0.37336601201923075 0.08639705769230768 0.3725490192307692 0.08884803846153845 0.38562091586538466 0.09252450961538461 0.3872549014423077 0.08946078365384615 0.37663398798076925 0.08700980288461538 0.37336601201923075 0.08639705769230768
4 0.3627450985576923 0.06740196153846154 0.3725490192307692 0.06433823557692307 0.36846405288461537 0.06066176442307692 0.35866012980769235 0.06556372596153846 0.3627450985576923 0.06740196153846154
4 0.37990196153846156 0.05208333413461538 0.38562091586538466 0.04840686298076923 0.37990196153846156 0.04718137259615385 0.37418300721153847 0.05024509855769231 0.37990196153846156 0.05208333413461538
4 0.4901960793269231 0.15318627403846155 0.4942810456730769 0.1550245096153846 0.4967320264423077 0.1544117644230769 0.4918300649038461 0.14460784375 0.4869281057692308 0.1452205889423077 0.4901960793269231 0.15318627403846155
4 0.46650326682692306 0.12193627403846154 0.46650326682692306 0.1243872548076923 0.47794117548076925 0.12867647115384614 0.48039215625000004 0.1262254903846154 0.47058823557692303 0.12193627403846154 0.46650326682692306 0.12193627403846154
4 0.46895424759615384 0.10416666586538462 0.47794117548076925 0.10784313701923076 0.4820261442307692 0.1047794110576923 0.47058823557692303 0.10171568509615384 0.46895424759615384 0.10416666586538462
4 0.5400326802884615 0.13235294230769232 0.5400326802884615 0.13419117548076923 0.5465686274038462 0.14031862740384615 0.5514705889423077 0.13909313701923076 0.5433006538461538 0.13174019711538462 0.5400326802884615 0.13235294230769232
4 0.6013071899038461 0.1997549014423077 0.60539215625 0.2009803918269231 0.6127450985576923 0.19301470673076923 0.6119281057692307 0.19178921634615384 0.6078431370192308 0.19301470673076923 0.6013071899038461 0.1997549014423077
4 0.6495098028846154 0.5661764711538462 0.6552287572115384 0.5680147067307693 0.6666666658653846 0.5539215697115385 0.6674836610576923 0.5502450985576923 0.6609477115384615 0.5496323533653846 0.6495098028846154 0.5661764711538462
4 0.7745098028846154 0.5042892163461539 0.7785947716346153 0.5177696081730769 0.7875816995192307 0.5177696081730769 0.7818627451923077 0.5042892163461539 0.7745098028846154 0.5042892163461539
4 0.5718954254807692 0.5698529423076922 0.5874183004807693 0.5618872548076923 0.584150326923077 0.5582107836538461 0.5678104567307692 0.5625 0.5718954254807692 0.5698529423076922
4 0.6985294110576923 0.5202205889423077 0.6944444447115384 0.5183823533653846 0.6862745096153847 0.5245098028846154 0.6854575168269231 0.5306372548076923 0.6895424831730769 0.5306372548076923 0.6985294110576923 0.5202205889423077
4 0.6887254903846153 0.5796568629807692 0.6968954254807692 0.5753676466346154 0.6944444447115384 0.5723039206730769 0.6854575168269231 0.5759803918269231 0.6887254903846153 0.5796568629807692
4 0.5702614375 0.12132352884615384 0.5702614375 0.12990196153846154 0.5735294110576923 0.12990196153846154 0.57434640625 0.12132352884615384 0.5702614375 0.12132352884615384
4 0.5735294110576923 0.13419117548076923 0.5637254903846154 0.1372549014423077 0.5661764711538462 0.14031862740384615 0.5759803918269231 0.13664215625 0.5735294110576923 0.13419117548076923
4 0.48529411778846154 0.12683823557692306 0.48529411778846154 0.12990196153846154 0.4901960793269231 0.13419117548076923 0.4942810456730769 0.13419117548076923 0.4877450985576923 0.12683823557692306 0.48529411778846154 0.12683823557692306
4 0.027777778846153844 0.2604166658653846 0.04248366105769231 0.2591911754807692 0.04166666586538462 0.2555147067307692 0.026960783653846153 0.2567401971153846 0.027777778846153844 0.2604166658653846
4 0.1544117644230769 0.42218137259615385 0.14705882451923077 0.4344362740384616 0.1511437908653846 0.4375 0.16094771153846155 0.42463235336538463 0.1544117644230769 0.42218137259615385
4 0.1086601298076923 0.2009803918269231 0.10457516346153846 0.2058823533653846 0.10702614423076923 0.20710784375 0.11192810576923076 0.2009803918269231 0.1086601298076923 0.2009803918269231
4 0.1919934639423077 0.26164215625 0.2017973846153846 0.26409313701923076 0.2026143798076923 0.26164215625 0.1919934639423077 0.2598039206730769 0.1919934639423077 0.26164215625