3 0.6420475120192308 0.10795562740384615 0.6296024807692308 0.07402861057692309 0.6226586466346155 0.07011876201923077 0.6150110336538461 0.07958035576923078 0.5932890600961538 0.07348550961538461 0.6019414110576923 0.09093745192307692 0.5885798725961539 0.09265112980769231 0.568449875 0.09363275000000001 0.5774756009615385 0.12655817788461537 0.6147371923076923 0.13122004807692306 0.6304171129807692 0.1323293028846154 0.6420475120192308 0.10795562740384615
4 0.7232848605769231 0.06913405528846153 0.7191527403846153 0.05086235336538462 0.7139196971153846 0.03441199759615385 0.700876110576923 0.01576309375 0.6900683076923078 0.007148358173076923 0.700945125 0.030075514423076925 0.7108036177884615 0.04761278125 0.7190927620192308 0.06719149278846154 0.7232848605769231 0.06913405528846153
4 0.2673078173076923 0.10993359374999999 0.2706807331730769 0.10574067067307692 0.27608011778846153 0.09472726201923076 0.2512341706730769 0.05815034134615385 0.24417152403846154 0.07385747115384615 0.24146503605769232 0.09012599759615385 0.2575760360576923 0.11646220913461539 0.26165159615384614 0.11193914423076924 0.2673078173076923 0.10993359374999999
3 0.15948883173076922 0.14168345192307694 0.1671692451923077 0.1589400216346154 0.17365596153846155 0.16762891346153846 0.18679232211538463 0.19666683653846156 0.19299730048076924 0.21331256490384615 0.20128758173076924 0.2198499735576923 0.20670959134615385 0.21795447115384617 0.19433585096153846 0.17225726923076923 0.19464135336538463 0.16037703846153845 0.17156617307692307 0.0949304735576923 0.14651481971153846 0.10670090384615386 0.15948883173076922 0.14168345192307694
4 0.4700896346153846 0.8323122091346153 0.46601521153846154 0.82379396875 0.45270119951923077 0.8176608605769231 0.43955125 0.8101465841346154 0.4445976057692308 0.8188601923076924 0.44649394471153847 0.8270977331730769 0.4652639038461538 0.8450121995192308 0.4700896346153846 0.8323122091346153
4 0.5535720721153846 0.2942785 0.5466044711538461 0.2942920480769231 0.5474938052884615 0.30169865384615385 0.5471407740384615 0.32142567307692305 0.5495994591346154 0.32679083894230765 0.5698561682692308 0.34987509855769233 0.5743537692307693 0.3399374326923077 0.5691207259615385 0.32348707692307693 0.5636760913461538 0.3162646754807692 0.5643674230769231 0.31137558413461536 0.5535720721153846 0.2942785
4 0.20392953846153847 0.2720757860576923 0.2239871081730769 0.2959056514423077 0.24127259134615386 0.28256772596153845 0.23643668990384617 0.2776674639423077 0.20392953846153847 0.2720757860576923
4 0.8698227379807691 0.11634575961538461 0.8831378870192308 0.10943757211538462 0.8867925432692307 0.0972878125 0.890198329326923 0.09145770673076922 0.8826310048076924 0.07669026442307693 0.8807980192307692 0.08445543028846154 0.8634197596153845 0.08740433413461537 0.8620947956730769 0.10693598317307693 0.8698227379807691 0.11634575961538461
4 0.16387317307692306 0.3561001826923077 0.1769054471153846 0.37019012980769234 0.1816598846153846 0.36926032692307686 0.16731624038461537 0.353178375 0.16387317307692306 0.3561001826923077
4 0.1657932091346154 0.4953862908653846 0.16503286778846155 0.4859629663461539 0.16809010576923075 0.4760500168269231 0.14578430288461539 0.45066833173076926 0.1414507668269231 0.4592248389423077 0.15337984375 0.5012187355769231 0.1657932091346154 0.4953862908653846
3 0.40559042067307693 0.2862154158653846 0.3962705024038462 0.26972917067307695 0.37589612019230767 0.2532205841346154 0.3750758004807692 0.2601263942307692 0.3555432211538462 0.25887120192307694 0.3496878581730769 0.26162235576923076 0.34242834855769233 0.25199248798076923 0.34362204567307697 0.2605601610576923 0.35262628365384613 0.2713263846153846 0.3692306105769231 0.2804778052884615 0.37974650000000004 0.27944912019230767 0.3867955600961538 0.2852656442307692 0.40559042067307693 0.2862154158653846
4 0.20976341586538463 0.24716542548076925 0.19040735096153846 0.2360467235576923 0.19402465625 0.24934400721153846 0.19923393749999999 0.26971775721153846 0.2100541923076923 0.2698501466346154 0.21608493269230772 0.27027678125 0.21354478365384616 0.25908154567307695 0.20976341586538463 0.24716542548076925