3 0.9730118365384615 0.12606859134615384 0.9718805336538462 0.12493754567307692 0.9707481153846154 0.11915673557692306 0.9640935937499999 0.11332407932692308 0.9555438557692307 0.11133908894230769 0.9229119134615384 0.11809138701923076 0.9191875673076922 0.12393863942307691 0.9142344615384614 0.13840161778846155 0.9144685600961538 0.14355776201923076 0.9168319687500001 0.1500223846153846 0.9254153076923076 0.15340821875 0.9299730024038462 0.15468347355769232 0.9367921850961539 0.1535710528846154 0.9446093774038461 0.15263606490384615 0.9612742644230768 0.14769460096153847 0.9635357524038461 0.14530692307692308 0.9662956875000001 0.14068307692307694 0.9679254375 0.13957795673076923 0.97005475 0.14088643509615384 0.9723498413461538 0.1398996033653846 0.9722826394230769 0.13709791346153846 0.9715164927884616 0.13277709134615384 0.9721146298076923 0.13009368990384615 0.9730118365384615 0.12606859134615384
3 0.5906447139423077 0.2138491971153846 0.5889488774038462 0.21680239663461537 0.5886834110576923 0.21954493990384616 0.591145391826923 0.2209125625 0.5944384951923077 0.22010316346153846 0.5970001682692307 0.22102355288461537 0.6013248822115385 0.22179243028846155 0.6049170504807692 0.21964133173076925 0.6073118317307692 0.21820726442307692 0.6126995264423077 0.21265573317307693 0.6180872235576923 0.20710419951923079 0.6204808894230769 0.20102036538461537 0.6191490913461538 0.19613402163461538 0.6163208365384616 0.19330641105769233 0.6113643846153847 0.19382008653846153 0.6050783653846155 0.19874695192307693 0.5998239615384615 0.20525209615384615 0.5946020408653846 0.20850831971153846 0.5908104927884615 0.21155388461538463 0.5906447139423077 0.2138491971153846
4 0.9222496538461539 0.40810670192307696 0.9188579783653845 0.4140131009615385 0.9219853004807692 0.4154990120192308 0.9245122572115385 0.41036878846153846 0.9222496538461539 0.40810670192307696
4 0.8511164903846153 0.36105333894230773 0.8581014471153845 0.35764560817307695 0.8571695288461538 0.35562009615384615 0.8512486658653846 0.35735718509615383 0.8495192259615384 0.35890954086538457 0.8511164903846153 0.36105333894230773
4 0.8758640336538461 0.3524343413461538 0.8795894951923077 0.3512368533653846 0.8799882548076923 0.34944791826923083 0.8709400673076922 0.3496990961538462 0.8707406874999999 0.3505935625 0.8758640336538461 0.3524343413461538
4 0.8455227187500001 0.33960073798076923 0.8467884278846154 0.3463351610576923 0.8496491682692308 0.3459138509615384 0.8481840817307693 0.3400738942307692 0.8455227187500001 0.33960073798076923
4 0.8904926033653846 0.31783856730769233 0.8866999375 0.31623436538461536 0.8833732379807693 0.3156429206730769 0.8816437956730769 0.3171952764423077 0.88836440625 0.32117985576923075 0.8904926033653846 0.31783856730769233
4 0.8953426706730769 0.2898735216346154 0.8864938653846154 0.28923023557692307 0.8847644278846154 0.2907825889423077 0.8947445360576923 0.2925569230769231 0.8953426706730769 0.2898735216346154
4 0.8373930697115385 0.2860802307692308 0.8290102259615384 0.28644969471153847 0.8279461274038462 0.2881203389423077 0.8369943149038461 0.2878691610576923 0.8373930697115385 0.2860802307692308
4 0.9165574423076923 0.2536589471153846 0.9221467475961538 0.2565124831730769 0.9236768100961539 0.25585459375 0.9182868822115384 0.25210659375 0.9165574423076923 0.2536589471153846
4 0.7545637475961539 0.29460208653846154 0.7525027548076924 0.30074506490384617 0.7568935552884616 0.29966586538461537 0.758089829326923 0.2942990673076923 0.7545637475961539 0.29460208653846154
4 0.7491110769230769 0.3066514663461538 0.7364696057692307 0.30440397596153845 0.73587146875 0.307087375 0.7401300961538462 0.30970432932692304 0.7487123197115384 0.30844039663461537 0.7491110769230769 0.3066514663461538
4 0.671927108173077 0.27433087980769233 0.6639430216346154 0.27291141346153847 0.6628789254807692 0.2745820576923077 0.6704642548076923 0.27779045673076924 0.671927108173077 0.27433087980769233
4 0.6115693389423077 0.2161744543269231 0.6112377860576923 0.22076507692307692 0.6140985288461539 0.2203437644230769 0.6146294591346154 0.21485867788461538 0.6115693389423077 0.2161744543269231
4 0.7128937932692309 0.2053613076923077 0.7160883221153846 0.20964890865384617 0.7178177596153846 0.2080965528846154 0.7150891947115384 0.2048217091346154 0.7128937932692309 0.2053613076923077
4 0.5423223389423076 0.26616744471153847 0.5343382524038461 0.2647479783653846 0.533540735576923 0.26832584615384614 0.541058858173077 0.2687325552884615 0.5423223389423076 0.26616744471153847
4 0.540451798076923 0.23421782451923076 0.5343315552884615 0.23684937740384615 0.5350640985576923 0.23976935576923075 0.5420490600961538 0.236361625 0.540451798076923 0.23421782451923076
4 0.6798618437499999 0.34734492307692305 0.6821916490384615 0.35240870192307694 0.6845864326923077 0.35097463461538464 0.6820572427884616 0.3468053245192308 0.6798618437499999 0.34734492307692305
4 0.6749378774038461 0.34460968028846156 0.6770683028846154 0.3505679230769231 0.6801284254807692 0.3492521466346154 0.6773326562499999 0.3431756129807692 0.6749378774038461 0.34460968028846156
4 0.55026153125 0.35778055528846153 0.5449388076923077 0.35683424278846154 0.5434087475961539 0.3574921322115384 0.5498627716346154 0.3595694879807692 0.55026153125 0.35778055528846153
4 0.44902436298076925 0.4550911875 0.454680875 0.46074641105769226 0.4556777692307692 0.4562740769230769 0.45141914423076923 0.4536571201923077 0.44902436298076925 0.4550911875
4 0.14450668509615386 0.4372185144230769 0.13313092307692306 0.4417054471153846 0.13386346875 0.4446254254807692 0.14477326682692307 0.4391257355769231 0.14450668509615386 0.4372185144230769
4 0.04890121875 0.7140738100961539 0.04417886057692307 0.7197436298076922 0.05083226682692307 0.7209265192307692 0.05488928125 0.7151384110576923 0.05136096875 0.7061418990384615 0.0474361298076923 0.7082338533653847 0.04890121875 0.7140738100961539
4 0.011781014423076924 0.7316520721153845 0.02103081009615385 0.7398059591346153 0.025753168269230766 0.734136139423077 0.014307971153846154 0.7265218485576923 0.011781014423076924 0.7316520721153845
4 0.13712269951923076 0.7185994855769231 0.12847550480769232 0.7263612620192308 0.13359885096153848 0.7282020384615385 0.14044940384615384 0.7191909302884615 0.13712269951923076 0.7185994855769231
4 0.6946605168269231 0.46714505528846156 0.6830181706730769 0.469724764423077 0.6837507163461538 0.4726447427884616 0.6931976610576923 0.4706046322115384 0.6946605168269231 0.46714505528846156
4 0.896915125 0.46590676442307694 0.9055667836538461 0.47674405288461535 0.9072290192307692 0.47239000721153845 0.89930990625 0.46447269711538464 0.896915125 0.46590676442307694
4 0.3595770673076923 0.8874069879807693 0.35458366586538465 0.8725705216346153 0.3500606875 0.8773458774038462 0.3532574471153846 0.8909330120192307 0.3574488701923077 0.8907482788461538 0.3595770673076923 0.8874069879807693
4 0.8706199399038461 0.12460308173076923 0.8773405456730768 0.12858765865384617 0.8784046466346154 0.12691701442307693 0.8728153389423077 0.12406348076923077 0.8706199399038461 0.12460308173076923