4 0.09246448798076923 0.5281457067307692 0.09184783173076923 0.500330360576923 0.08495391346153847 0.4985081730769231 0.08659539182692308 0.525444173076923 0.09246448798076923 0.5281457067307692
4 0.11368139182692308 0.47180587740384616 0.12735874759615384 0.4800454278846154 0.1312430264423077 0.480344420673077 0.12923174278846153 0.4746485264423077 0.11471216586538462 0.46555256250000004 0.11368139182692308 0.47180587740384616
4 0.21321316826923079 0.5058603605769231 0.21444111778846153 0.5119125817307693 0.2193442716346154 0.5167061995192308 0.2304744326923077 0.5137091875 0.2306173317307692 0.5070333966346154 0.22562287740384615 0.5031076586538462 0.21321316826923079 0.5058603605769231
4 0.2629062692307692 0.5138308798076923 0.26455696153846153 0.505229704326923 0.26433331730769233 0.4896308125 0.26141497836538463 0.48723973798076925 0.2581592451923077 0.5040081514423077 0.25542485096153844 0.5122759326923076 0.26043253846153847 0.5178483485576924 0.2629062692307692 0.5138308798076923
4 0.3755557091346154 0.572080125 0.3694550985576923 0.6017114951923077 0.37223648798076925 0.6054043870192308 0.3765256682692308 0.6071718966346153 0.38284263461538465 0.5861187716346155 0.37985812500000005 0.5754943100961538 0.3755557091346154 0.572080125
2 0.4145406370192308 0.5010471995192307 0.40997755288461535 0.5018833317307693 0.4207710793269231 0.5853928629807692 0.4212937524038462 0.5892868557692308 0.4283570360576923 0.5877266105769231 0.46730435336538456 0.5914953293269231 0.47912060817307695 0.59438384375 0.4767765408653846 0.5900788461538462 0.44981274519230774 0.5060745264423077 0.44680310576923077 0.504551329326923 0.4248550432692308 0.5004871322115385 0.4145406370192308 0.5010471995192307
2 0.47070566346153847 0.5928403653846154 0.4596859831730769 0.5912422043269231 0.4301784326923077 0.5881376153846154 0.42291931250000003 0.5897869423076924 0.4238925408653846 0.5947155072115384 0.42203872596153846 0.5963851177884615 0.42394547836538465 0.6013022139423077 0.43284339182692305 0.6017996514423077 0.4484850408653846 0.6037744182692307 0.46308863221153845 0.6049818533653846 0.4789128798076923 0.6052208629807693 0.48109947836538464 0.6021603533653846 0.4775936346153846 0.6000365216346154 0.4764702235576923 0.5947630985576923 0.47070566346153847 0.5928403653846154
4 0.4774181514423077 0.48649342548076924 0.46313545432692305 0.49464303365384615 0.4638215456730769 0.5005285576923076 0.46670746875 0.50500025 0.48257007692307696 0.4977846706730769 0.48327401201923076 0.48754828365384617 0.4774181514423077 0.48649342548076924
4 0.6832756971153846 0.5378771947115385 0.676016579326923 0.5395265216346155 0.6799213774038461 0.5484928389423077 0.6911276826923077 0.58553909375 0.6988373557692308 0.5849243413461539 0.688427625 0.5491684375 0.6832756971153846 0.5378771947115385
4 0.7190240745192308 0.4798853894230769 0.7317103629807692 0.4993182860576923 0.7352294399038463 0.5030887932692308 0.7353709975961539 0.48401838461538466 0.7175989543269231 0.46152762980769235 0.6931155937500001 0.4354789302884615 0.6910408197115385 0.4463388846153846 0.6982748100961539 0.45379082211538463 0.7190240745192308 0.4798853894230769
4 0.9457952331730769 0.7490018173076923 0.9401940913461538 0.7490706177884616 0.936094795673077 0.752588 0.9264764471153846 0.7908434759615385 0.93721628125 0.8004192475961538 0.9469715793269231 0.7608619495192308 0.9457952331730769 0.7490018173076923
4 0.3915714326923077 0.29044720192307694 0.3872160769230769 0.28044631009615384 0.3679772860576923 0.2772155889423077 0.3679713389423077 0.2825895600961539 0.3705833605769231 0.28966488942307694 0.37737274278846156 0.29070827884615386 0.39061872596153846 0.29418596153846155 0.3915714326923077 0.29044720192307694
4 0.3271583125 0.2912383894230769 0.32422673798076923 0.28720063942307694 0.3079108918269231 0.26859240384615385 0.3056654110576923 0.2704401778846154 0.3069065889423077 0.27813907692307693 0.32296771874999997 0.29562365384615386 0.32661050961538457 0.29644566346153844 0.3271583125 0.2912383894230769
4 0.5833547620192308 0.4064906105769231 0.5733142524038461 0.40444704326923075 0.58020490625 0.4364324399038461 0.584514610576923 0.44686726923076925 0.5916500120192307 0.4481664375 0.5871431346153846 0.4254260697115385 0.5833547620192308 0.4064906105769231
4 0.5304245264423076 0.46651365384615384 0.5246143173076923 0.4650248557692308 0.5294083317307693 0.4868082644230769 0.5334911250000001 0.5118074086538461 0.5391967980769231 0.5125174086538462 0.5353363100961539 0.4907225336538461 0.5304245264423076 0.46651365384615384
2 0.8146999711538462 0.47437640865384617 0.7982782475961538 0.44259476201923076 0.7906453028846154 0.42830033894230773 0.7367483725961539 0.42306840625 0.7368503966346154 0.5213574711538461 0.7578398052884616 0.5345343990384616 0.7805917283653846 0.5469095985576924 0.7928128870192308 0.551266625 0.8066463725961538 0.5544770600961538 0.8199896033653846 0.5517128942307692 0.8458794879807693 0.544894204326923 0.8328914903846154 0.5123769711538462 0.8234887451923077 0.49186363701923075 0.8146999711538462 0.47437640865384617
4 0.8850458437500001 0.5820304038461539 0.8864709639423077 0.6003881586538461 0.8902063990384614 0.6127369110576922 0.8951181802884616 0.6369457932692307 0.9092976850961538 0.6404120120192308 0.90710975 0.6310779014423077 0.9085970192307692 0.6204851899038462 0.9062516105769232 0.6037855745192308 0.9018876298076923 0.574369420673077 0.8929678533653846 0.5528100408653847 0.8816921129807693 0.5376936057692308 0.8800751754807692 0.5566087860576923 0.8850458437500001 0.5820304038461539
4 0.756208298076923 0.5394082788461538 0.7483279182692308 0.5310108533653847 0.7385302355769231 0.5408388822115385 0.7318731971153846 0.5562622596153847 0.7383046658653847 0.5677978173076923 0.7564908269230769 0.5562199086538462 0.756208298076923 0.5394082788461538
4 0.6670001418269231 0.4692565504807692 0.6631688004807692 0.4755442692307692 0.6640050745192307 0.4817746514423077 0.6704319399038461 0.5110787932692308 0.6751643894230769 0.5068602283653847 0.6727322860576923 0.47325990625000003 0.6670001418269231 0.4692565504807692
4 0.04824939663461539 0.4681024423076923 0.03802360817307692 0.44300540144230766 0.034452932692307696 0.4450428004807692 0.045703545673076926 0.46926049999999997 0.04824939663461539 0.4681024423076923