2 0.2222481201923077 0.7026832283653845 0.22528863701923077 0.72131665625 0.4964844158653846 0.7482887932692308 0.5810852860576923 0.7570321682692308 0.6223548605769231 0.7629290576923077 0.6013152572115384 0.7301303004807692 0.596865548076923 0.7290031634615384 0.6960486201923076 0.5474418100961539 0.6919723533653847 0.5371860024038462 0.6589496754807692 0.5190875024038462 0.46248058413461535 0.4961519879807692 0.3398658581730769 0.48055009134615384 0.2753689807692308 0.5882892740384615 0.2222481201923077 0.7026832283653845
1 0.6210607235576924 0.6855341057692308 0.6033539615384615 0.7178690288461538 0.6091743245192307 0.7389200192307693 0.6242583413461538 0.7494122740384616 0.6511343966346155 0.7392318317307692 0.6524837427884616 0.69777728125 0.6468682355769231 0.6882252379807692 0.6307392596153847 0.6824262548076923 0.6210607235576924 0.6855341057692308
1 0.6464251634615384 0.6871104759615385 0.6522178990384616 0.697108423076923 0.6559489158653846 0.7101567764423078 0.7473702091346154 0.6820577764423077 0.7558737379807692 0.6668406802884616 0.7516064278846154 0.6506124447115386 0.7462055504807693 0.6388545192307693 0.7291668389423077 0.6390043197115385 0.6783718004807693 0.6622286658653846 0.6536552884615384 0.6732660048076924 0.645963673076923 0.6786270192307692 0.6464251634615384 0.6871104759615385
1 0.6503535336538462 0.6558058942307692 0.6386598870192307 0.662996704326923 0.6308376514423077 0.6689443798076924 0.6346106730769231 0.6811831177884616 0.6384774831730768 0.6780978052884615 0.6521114423076924 0.6721275985576922 0.6935450024038462 0.6555546899038462 0.7193576875 0.6426988221153846 0.7327539951923078 0.6297236274038462 0.7261453125 0.6103504110576923 0.7162107139423076 0.5990845721153846 0.7077169639423077 0.6005968413461539 0.6648086129807692 0.6436639495192308 0.6503535336538462 0.6558058942307692
1 0.6664318677884615 0.6413409615384615 0.7101285408653847 0.5965960721153846 0.7116493701923077 0.588523610576923 0.7030767860576923 0.5761080961538462 0.6907306105769231 0.5688430216346154 0.6810146754807692 0.5746026538461538 0.63576840625 0.6511453173076922 0.642834545673077 0.659770641826923 0.6510578461538461 0.6557473389423076 0.6664318677884615 0.6413409615384615
1 0.7940112884615385 0.5998714831730769 0.7491913894230768 0.6179926802884614 0.7440275889423076 0.6306289230769231 0.7657099423076923 0.6915883990384616 0.77589196875 0.6961543966346154 0.8153898221153846 0.6802030600961538 0.82544640625 0.6698087187499999 0.8053965168269231 0.6102106033653846 0.7940112884615385 0.5998714831730769
1 0.9120502932692307 0.6167750745192309 0.9067006274038462 0.6078918870192308 0.8889109951923077 0.6070676802884616 0.8142067524038462 0.6296311057692308 0.8265097788461537 0.6724841442307692 0.8989704687500001 0.6506830432692308 0.9117976875 0.6390219182692308 0.9142374615384615 0.628685016826923 0.9120502932692307 0.6167750745192309
1 0.8037047764423076 0.5675118052884616 0.7990634567307692 0.5778014158653846 0.799669375 0.5912247355769231 0.8052336706730769 0.5979020408653846 0.8144455408653847 0.6018577403846154 0.8956048317307693 0.5900433173076923 0.9040939759615385 0.586688875 0.9143185793269232 0.5730560865384615 0.9164786971153845 0.5565238076923077 0.9091795120192308 0.5427356706730769 0.8243168293269231 0.5525547884615385 0.8075623798076923 0.5607421418269231 0.8037047764423076 0.5675118052884616
1 0.8266518557692308 0.4650695288461538 0.816390420673077 0.4639649230769231 0.8022759903846153 0.4714721514423077 0.7925738653846154 0.4827583076923077 0.7872328365384615 0.49494864903846153 0.7869480048076922 0.5043002716346154 0.7922510625 0.5121508918269231 0.8664690865384616 0.5240606730769231 0.8816048870192308 0.5200384807692308 0.8916660745192307 0.5114863125 0.9013353990384616 0.5046941177884615 0.9041578245192308 0.4889128942307692 0.9007858677884616 0.4785985264423077 0.8266518557692308 0.4650695288461538
1 0.7968682235576924 0.5274287692307692 0.7843074158653847 0.5223695721153846 0.7624691442307692 0.5223425985576923 0.7441938629807693 0.5386024158653846 0.7291305817307693 0.60687775 0.7383936682692307 0.6137081850961539 0.7557868365384616 0.6144501947115384 0.7852516971153847 0.6007148942307692 0.8034026754807692 0.5347163725961539 0.7968682235576924 0.5274287692307692
1 0.7515833774038462 0.5004459759615385 0.7463689326923078 0.49281830528846154 0.7296334663461538 0.4909851802884615 0.711321358173077 0.4925076033653846 0.69527121875 0.5006364038461538 0.688950826923077 0.50853209375 0.6850040384615385 0.5324679783653846 0.6929425096153847 0.5377963028846154 0.6967529326923076 0.5473832548076923 0.6815883677884614 0.5751307548076923 0.6907306105769231 0.5688430216346154 0.7033380264423077 0.5749347788461538 0.7093033894230769 0.5835364567307693 0.7174006754807691 0.5819419903846154 0.7305075504807692 0.5764762427884615 0.7386658245192308 0.5640516826923077 0.7515833774038462 0.5004459759615385
1 0.6054754639423077 0.4568556995192308 0.5615894615384616 0.44346062500000005 0.5541964903846154 0.44499653846153847 0.5428808894230769 0.4449008533653846 0.5307579783653846 0.4565034230769231 0.5203233485576922 0.4741842644230769 0.5183266514423077 0.48563592788461535 0.5267968076923076 0.4923019639423077 0.5500017019230768 0.49302144230769235 0.6022088293269231 0.5063005144230769 0.6129415264423077 0.5021837475961538 0.6275318293269231 0.49129732211538457 0.6370009062499999 0.47484835096153843 0.6384101033653846 0.45734206250000004 0.6054754639423077 0.4568556995192308
1 0.7959129879807693 0.3566110360576923 0.79981259375 0.3490317620192308 0.7896449495192308 0.33260310576923074 0.7762307932692308 0.3208204302884615 0.7656195072115385 0.3206661875 0.6852238100961539 0.37375949999999997 0.6757455216346154 0.3865241201923077 0.6986230096153846 0.4147940096153846 0.7169259110576923 0.4095872355769231 0.7959129879807693 0.3566110360576923
1 0.3379301514423077 0.48117166105769227 0.35773546634615383 0.46052372596153845 0.39251776682692313 0.4427763918269231 0.4015529807692308 0.42889700961538463 0.4051027355769231 0.4222681009615385 0.39948722836538464 0.41271606009615386 0.3886756923076923 0.4029050408653846 0.37475747596153847 0.4008376971153846 0.36098829086538464 0.4055523894230769 0.3556754567307693 0.4114065961538461 0.35539062740384614 0.42075821634615385 0.3235187932692308 0.4403364591346154 0.3011482572115385 0.45636094711538466 0.28920257932692306 0.4684094254807692 0.28433741826923076 0.4772205673076923 0.2912821490384615 0.4901168966346154 0.3057458629807692 0.4990484783653846 0.3152189735576923 0.5018308629807693 0.3265627668269231 0.49559041586538466 0.3379301514423077 0.48117166105769227
1 0.3170073581730769 0.44225972115384615 0.3262992091346154 0.4253648461538461 0.32590331490384616 0.40789346875 0.300641875 0.39467739423076925 0.27778223317307693 0.39116537740384616 0.26110776201923075 0.3785021586538461 0.24816430288461538 0.37888728846153846 0.24217534855769232 0.37846391826923076 0.22886305048076924 0.38981989423076924 0.21782250240384615 0.39407741346153846 0.21400230048076924 0.39819528846153845 0.21595181971153846 0.40310024038461534 0.20867048076923078 0.4140699783653846 0.20689301682692307 0.4251579326923077 0.2607832451923077 0.46006227884615386 0.29455742067307694 0.4617456057692308 0.3020251971153846 0.4549061225961539 0.3170073581730769 0.44225972115384615
1 0.2677946370192308 0.1472811394230769 0.25785947115384616 0.15340448076923077 0.24752323076923075 0.15760344471153848 0.24289111778846154 0.17157740384615383 0.24539994471153845 0.1888731153846154 0.25231187259615384 0.20626340384615385 0.2721258293269231 0.20668899278846153 0.3665836009615384 0.17799207451923077 0.3785804951923077 0.1688183341346154 0.3840849399038462 0.15154737740384616 0.38170673557692303 0.1336650048076923 0.3769727644230769 0.12450031490384615 0.36203318028846154 0.11894792788461538 0.2677946370192308 0.1472811394230769
1 0.23422192548076926 0.4023874254807692 0.2379069014423077 0.39701403365384613 0.22877904086538464 0.3914391129807692 0.21958098076923077 0.39300993990384614 0.21422613942307692 0.39967375721153847 0.2247206201923077 0.4059411778846154 0.23422192548076926 0.4023874254807692
1 0.5306733966346153 0.4755118221153846 0.5351933052884615 0.46949321875 0.5365881201923076 0.4638495889423077 0.5331085673076923 0.46333274999999996 0.5296520288461538 0.4720267836538462 0.5306733966346153 0.4755118221153846
1 0.7997769759615385 0.5814272091346153 0.8092500889423077 0.5842095889423077 0.8118716923076923 0.5761607692307693 0.8068016802884616 0.5734729615384615 0.7997769759615385 0.5814272091346153
1 0.40062540384615386 0.4100879182692308 0.4012272908653846 0.40427988701923073 0.39598004807692305 0.40114617548076925 0.3918940048076923 0.4045951971153846 0.40062540384615386 0.4100879182692308