3 0.3015261658653846 0.4827093918269231 0.2940532548076923 0.48358878365384617 0.2531213293269231 0.5267293629807692 0.2479458798076923 0.5296910168269231 0.2552673485576923 0.5306706250000001 0.26290873317307695 0.5378180456730769 0.2725866634615385 0.5452031562499999 0.2811956826923077 0.5455198125 0.2865478149038462 0.5403893245192308 0.3149743028846154 0.49428787980769234 0.3123064495192308 0.48665747355769234 0.3015261658653846 0.4827093918269231
3 0.38327693028846155 0.6299986490384615 0.45354643990384613 0.6507110600961539 0.4807197475961538 0.6401827572115385 0.4810731105769231 0.6358450889423076 0.4763182283653846 0.6285966610576923 0.4832522764423077 0.6141423125000001 0.4910195528846154 0.6046020096153846 0.42585828365384615 0.5868003509615385 0.40685609375000004 0.5828310168269231 0.38467303605769226 0.5876235985576923 0.3873661322115384 0.5949441682692307 0.3958827091346154 0.6014430673076923 0.38727368749999996 0.6011264110576924 0.3797165384615384 0.5979923966346153 0.3739772932692308 0.6028274783653846 0.37912780769230764 0.6153142139423077 0.3947301778846154 0.6206383173076924 0.38327693028846155 0.6299986490384615
0 0.4020154447115385 0.4958764014423077 0.3947696947115385 0.49396729086538466 0.3862871778846154 0.5072400264423077 0.4020154447115385 0.4958764014423077
0 0.4182999110576923 0.5231121105769231 0.4463654447115385 0.5218210961538461 0.44819124759615386 0.5044559879807692 0.43969170432692306 0.5078429062500001 0.4182999110576923 0.5231121105769231
0 0.45285828125000005 0.7449649975961539 0.4650352860576923 0.7368151418269231 0.4608189615384616 0.7280031177884615 0.4599519759615385 0.7184559975961539 0.4609700961538462 0.7110055625 0.4428178605769231 0.7066975384615385 0.4259112139423077 0.7072891322115384 0.40991351682692306 0.7118652764423078 0.41296848798076924 0.7197910841346153 0.40712007451923077 0.7360611490384615 0.4135411081730769 0.7379991201923077 0.42560894711538466 0.7412842451923077 0.43066671153846153 0.7448146682692307 0.4344116778846154 0.7493178822115384 0.45285828125000005 0.7449649975961539
0 0.5053307572115384 0.8478630528846154 0.5002729927884615 0.8443326274038461 0.48625315384615386 0.8599617764423078 0.4937683365384615 0.8686583677884615 0.4924893004807692 0.8742642283653846 0.5007449591346154 0.8789185528846153 0.5149585120192308 0.8710063846153846 0.5154633149038461 0.8648097139423078 0.5167675913461538 0.8588940192307692 0.5083014951923077 0.8517754591346154 0.5053307572115384 0.8478630528846154
0 0.3241769591346154 0.7194996129807693 0.33675811538461536 0.7215309759615385 0.33661488221153846 0.7131943293269232 0.32947009615384615 0.7100458846153846 0.3241769591346154 0.7194996129807693
0 0.3327248413461538 0.6095231346153847 0.3295692163461539 0.6179752139423077 0.3374544855769231 0.617081391826923 0.34133386778846153 0.6098397884615385 0.3327248413461538 0.6095231346153847
0 0.21749987259615383 0.5854405889423077 0.23315272355769232 0.5901450216346154 0.24859514182692305 0.5923852163461538 0.25626997115384614 0.58902715625 0.26094031009615387 0.5771236177884616 0.24798055528846152 0.5797397572115385 0.24383174278846154 0.5801938822115384 0.22594042307692305 0.5777304302884615 0.21749987259615383 0.5854405889423077
0 0.34036469471153846 0.5409777764423077 0.33907744951923074 0.5567792884615385 0.35102729326923077 0.5514179350961539 0.34036469471153846 0.5409777764423077
0 0.41608760336538464 0.5704589254807693 0.4229459278846154 0.5569340745192307 0.41878860096153847 0.5524452932692308 0.40773949759615385 0.57198684375 0.41608760336538464 0.5704589254807693
0 0.4097100625 0.6386511610576923 0.40918002163461537 0.6451576682692307 0.41775559375 0.6559798052884616 0.4286702908653846 0.6481830697115385 0.42914985096153846 0.6422962331730768 0.4097100625 0.6386511610576923
0 0.504903451923077 0.5250248990384615 0.5106931778846154 0.5195701466346153 0.48854357211538463 0.5138572475961538 0.48394895192307696 0.5248312836538461 0.4973043413461538 0.5274534591346154 0.504903451923077 0.5250248990384615
0 0.6025387620192307 0.48237176201923077 0.6139667692307692 0.4733212692307692 0.6177786418269231 0.4568135120192308 0.6148079038461538 0.45290111057692306 0.6199073245192307 0.43573040625 0.6092784831730769 0.42992332211538464 0.5956542740384616 0.4507907788461539 0.597682608173077 0.4612241153846154 0.6025387620192307 0.48237176201923077
0 0.6348087307692307 0.3184257451923077 0.6232037307692307 0.31450652163461534 0.6152345360576923 0.32652549278846155 0.6277399711538462 0.3294863581730769 0.6290694831730769 0.32326082932692307 0.6348087307692307 0.3184257451923077
0 0.5441294038461538 0.5987272427884616 0.5388110336538461 0.6084908028846153 0.5659761298076923 0.6081581466346153 0.6022045745192307 0.602565139423077 0.6000585504807693 0.5986238822115385 0.5767813461538461 0.5966578413461538 0.5637878341346154 0.5946409038461539 0.5527466370192308 0.58884825 0.5441294038461538 0.5987272427884616
0 0.4990234254807693 0.6426317788461537 0.49026326923076924 0.6593126850961538 0.4975765264423077 0.6704879423076923 0.5183543485576924 0.6728503894230768 0.5343520456730769 0.6682742475961538 0.5399313365384615 0.6603552596153845 0.5420518149038461 0.6494677980769231 0.5391230408653847 0.6399928197115384 0.5300089110576923 0.6307342788461539 0.5315236201923077 0.6272828245192308 0.5217952115384615 0.6205173798076923 0.5195147836538462 0.6283209350961538 0.5146422139423077 0.6275645865384616 0.5110991658653846 0.620582704326923 0.5105691250000001 0.6270892091346153 0.5042575600961539 0.6288548149038462 0.5041651153846154 0.6350370576923077 0.4990234254807693 0.6426317788461537
0 0.6446265841346153 0.5865600504807692 0.6510643461538461 0.5832452788461538 0.6500206778846154 0.5758669879807692 0.6574598341346154 0.5703545216346154 0.6541272211538461 0.5658368822115385 0.6409317884615385 0.5662986153846153 0.6391984278846153 0.5774814807692308 0.6446265841346153 0.5865600504807692
0 0.4870297764423077 0.5627243701923077 0.47669591346153845 0.5785334903846153 0.48866278846153843 0.583057951923077 0.4916840048076923 0.5863506875 0.49084256490384615 0.5916322860576924 0.5005119783653846 0.5940744903846154 0.4975494519230769 0.5799664399038462 0.5011679158653846 0.5708802620192308 0.49489801442307696 0.5519447355769231 0.4870297764423077 0.5627243701923077
0 0.551678954326923 0.6423340192307693 0.5714216225961539 0.6422610865384615 0.5717749855769231 0.6379234158653847 0.5507614855769231 0.6334065625 0.551678954326923 0.6423340192307693
0 0.5162676274038461 0.6883709254807692 0.5254237235576923 0.6920668918269232 0.532913358173077 0.6859347572115385 0.5382822139423077 0.6755515336538462 0.5274262067307692 0.6725329471153846 0.5104438389423077 0.6740540456730769 0.4991754783653847 0.671049891826923 0.4938990697115385 0.6752508774038462 0.49385710336538463 0.6808134519230769 0.5009176586538462 0.6799484879807692 0.5006147764423077 0.6836664927884615 0.5066991754807693 0.6846893870192308 0.510006548076923 0.6895168629807693 0.5162676274038461 0.6883709254807692
0 0.5847608990384615 0.6804131153846154 0.5759079903846154 0.6881376995192308 0.575529389423077 0.692785204326923 0.58383553125 0.6968198629807693 0.5864021201923078 0.6905510432692308 0.5847608990384615 0.6804131153846154
0 0.5945309639423078 0.6664774254807693 0.58319509375 0.654207125 0.5776662836538462 0.6615064447115385 0.5753606129807692 0.6696198341346153 0.5890188822115385 0.6685240048076923 0.5945309639423078 0.6664774254807693
0 0.6090054350961538 0.660409829326923 0.6137685264423077 0.6574626081730769 0.6040991153846154 0.65502040625 0.5894056923076924 0.6536808557692309 0.5862667908653847 0.6568801923076923 0.5888756490384616 0.6601873581730769 0.6090054350961538 0.660409829326923
0 0.6039732163461539 0.6717081298076923 0.6109246009615384 0.6822781490384616 0.6179261610576923 0.6770899471153846 0.6039732163461539 0.6717081298076923
0 0.5532410841346154 0.4868773341346154 0.5518610865384616 0.49372252884615386 0.5526943173076924 0.49863657692307695 0.564055125 0.4954584903846154 0.5620100625 0.49027789423076923 0.5532410841346154 0.4868773341346154
0 0.5759821802884615 0.6115154206730768 0.5898846442307693 0.6175169038461538 0.5915760360576923 0.6118966153846154 0.578397326923077 0.6071056033653845 0.5695106634615384 0.6101971177884615 0.5788604711538462 0.6216100649038462 0.5827736081730769 0.6190015336538461 0.5759821802884615 0.6115154206730768
0 0.8016988004807692 0.47045957932692306 0.8099964302884615 0.46955132932692306 0.8103497908653845 0.4652136586538462 0.8063943822115385 0.45824620673076927 0.7964892932692307 0.45364960096153845 0.7958330504807692 0.4617052740384615 0.7958163245192308 0.46695801442307694 0.8016988004807692 0.47045957932692306
0 0.5898262596153846 0.6434707764423078 0.5841876658653846 0.6319279687499999 0.5796517379807692 0.6320866875 0.5817725192307692 0.6363377812500001 0.5898262596153846 0.6434707764423078
0 0.5778259350961539 0.6494517956730769 0.5782972884615385 0.6537606081730769 0.5917956009615385 0.6495808725961538 0.5778259350961539 0.6494517956730769
0 0.6877893822115385 0.58165125 0.6913576706730769 0.5883232980769231 0.6919385024038461 0.5963356802884616 0.6971139495192307 0.5933740288461539 0.6925524711538462 0.5787040288461538 0.6877893822115385 0.58165125
0 0.6034675 0.6324891322115385 0.6000844062499999 0.6285911586538462 0.5969035360576923 0.6373530745192307 0.6037116874999999 0.6395864447115385 0.6104523293269231 0.632553670673077 0.6034675 0.6324891322115385
0 0.5095330504807692 0.5792381610576923 0.5037433269230769 0.5846929110576923 0.5105514759615384 0.58692628125 0.5095330504807692 0.5792381610576923
0 0.5772350576923077 0.5608037211538461 0.5830332980769231 0.5602918798076924 0.58644984375 0.553684375 0.5755771129807692 0.55591853125 0.5772350576923077 0.5608037211538461
0 0.7014063004807691 0.616395108173077 0.7066322283653845 0.6128137908653846 0.6958939086538461 0.6033031298076923 0.7014063004807691 0.616395108173077
0 0.7335720048076924 0.7061009711538462 0.7220260000000001 0.7065049855769231 0.7124998173076923 0.7123994326923077 0.7224973533653846 0.7108137956730769 0.7317796490384616 0.7129605961538462 0.7335720048076924 0.7061009711538462
0 0.7404324759615384 0.7985460120192307 0.7567163317307692 0.7955046081730769 0.7553950216346154 0.7915344855769231 0.7417367524038462 0.7926303173076923 0.7404324759615384 0.7985460120192307
0 0.3123429639423077 0.6275375528846154 0.3084045865384616 0.6304559182692308 0.3178468389423077 0.6356866201923077 0.3161803798076923 0.6258585240384615 0.3123429639423077 0.6275375528846154
0 0.5962466802884616 0.6151316322115384 0.5933772115384616 0.625118451923077 0.5964993894230769 0.6271718533653845 0.6018682427884615 0.616788625 0.5962466802884616 0.6151316322115384
0 0.6021121298076924 0.6087473822115385 0.6088193173076923 0.6122200889423077 0.6151056418269231 0.6107643173076923 0.6088360456730769 0.6069673485576923 0.6021121298076924 0.6087473822115385
0 0.6751836009615384 0.6102068293269232 0.6670964110576924 0.6135793221153846 0.6618957211538461 0.6168508028846154 0.6676182427884616 0.6172684615384616 0.6791809711538461 0.6116117067307693 0.6751836009615384 0.6102068293269232
0 0.6865532307692307 0.6271102067307692 0.6822107019230769 0.6198473485576923 0.6765471778846154 0.6237529326923077 0.6865532307692307 0.6271102067307692
0 0.4099205 0.6411154038461538 0.4035499423076923 0.6385577668269231 0.39912349038461536 0.6424200600961538 0.4049387668269231 0.6517940336538461 0.4099205 0.6411154038461538
0 0.4516193701923077 0.6541769495192308 0.44355742067307696 0.6572396033653847 0.4485394639423077 0.6616995264423077 0.4516193701923077 0.6541769495192308
0 0.45536550480769233 0.3002977211538461 0.46170199999999995 0.28308372596153847 0.45964842067307693 0.2729602235576923 0.45127507451923077 0.2747979735576923 0.45188114182692307 0.28250052644230766 0.44548565384615385 0.29539128125 0.45536550480769233 0.3002977211538461
0 0.8389745913461539 0.6539075336538461 0.842181 0.6599743413461538 0.8479874543269231 0.6492668533653846 0.8486689374999999 0.6409013485576923 0.8389745913461539 0.6539075336538461
0 0.6786801538461538 0.8146096057692307 0.6901838846153846 0.8046296081730768 0.6864136754807693 0.8004362307692308 0.6757261418269231 0.8054444615384615 0.6735719086538462 0.8116988509615385 0.6786801538461538 0.8146096057692307
0 0.3260261658653846 0.6109933341346154 0.33136157211538464 0.6111155865384615 0.32876943750000004 0.6025556826923076 0.3260261658653846 0.6109933341346154
0 0.1855775048076923 0.8763530336538461 0.18198427884615384 0.885129375 0.19672818028846153 0.8858492596153845 0.1855775048076923 0.8763530336538461
0 0.1852834423076923 0.9001525 0.1989246826923077 0.8891708533653847 0.18430698317307692 0.8869018004807692 0.1852834423076923 0.9001525
0 0.1837769423076923 0.8934083052884615 0.18067148798076924 0.8861021658653846 0.17287866346153846 0.8808137427884616 0.16502715384615385 0.8863406370192308 0.17181857932692307 0.8938267524038461 0.18018371634615382 0.9021846490384615 0.1837769423076923 0.8934083052884615
0 0.16285650480769231 0.9129863221153846 0.16922706009615382 0.9155439567307693 0.17191984615384615 0.9077259735576924 0.16688732451923077 0.9038857163461539 0.16285650480769231 0.9129863221153846
0 0.9368105913461539 0.5482215072115385 0.9310290745192307 0.5434806057692307 0.9265269014423076 0.5482724038461538 0.9315089423076923 0.5527323269230769 0.93101265625 0.56387190625 0.9352876682692308 0.5618686153846154 0.9368105913461539 0.5482215072115385