3 0.6067307692307693 0.22572115384615385 0.6041666658653846 0.22427884615384613 0.475 0.25 0.48397435817307694 0.25432692307692306 0.6060897427884615 0.2298076923076923 0.6067307692307693 0.22572115384615385
3 0.47980769230769227 0.11923076923076924 0.4891025649038462 0.12283653846153847 0.5314102572115385 0.12139423076923077 0.53044871875 0.11634615384615385 0.4076923076923077 0.12067307692307692 0.40608974278846155 0.12475961538461539 0.46858974278846155 0.12307692307692308 0.47980769230769227 0.11923076923076924
3 0.4147435889423077 0.09951923076923076 0.4262820504807693 0.057211538461538466 0.4201923076923077 0.056490384615384616 0.4076923076923077 0.09807692307692308 0.37115384615384617 0.20360576923076923 0.37820512740384615 0.20240384615384616 0.4 0.1389423076923077 0.4147435889423077 0.09951923076923076
3 0.7375 0.5975961538461538 0.7400641033653846 0.5822115384615384 0.7423076923076923 0.5673076923076923 0.7509615384615385 0.5216346153846154 0.7560897427884616 0.49206730769230766 0.7612179495192308 0.46274038461538464 0.75544871875 0.46201923076923074 0.7551282043269231 0.4651442307692308 0.7310897427884615 0.5971153846153846 0.7141025649038462 0.6245192307692308 0.7160256418269231 0.628125 0.7198717956730769 0.6283653846153846 0.7375 0.5975961538461538
3 0.35448718028846155 0.35697115384615385 0.3586538461538461 0.3228365384615385 0.34967948798076925 0.32139423076923074 0.3455128197115384 0.35841346153846154 0.35032051201923076 0.3658653846153846 0.4083333341346154 0.44591346153846156 0.41346153846153844 0.4403846153846154 0.35929487259615384 0.365625 0.35448718028846155 0.35697115384615385
3 0.17211538461538461 0.27572115384615387 0.15961538461538463 0.2567307692307692 0.1378205120192308 0.2216346153846154 0.13205128124999999 0.22067307692307692 0.12980769230769232 0.2237980769230769 0.15064102644230767 0.2552884615384615 0.1714743581730769 0.2889423076923077 0.1903846153846154 0.3173076923076923 0.2 0.3317307692307692 0.19967948798076923 0.3194711538461539 0.19070512740384615 0.30697115384615387 0.17211538461538461 0.27572115384615387
3 0.37564102644230773 0.7831730769230769 0.41089743509615384 0.7752403846153846 0.4724358966346154 0.7603365384615385 0.48429487259615384 0.7586538461538462 0.4894230769230769 0.7516826923076922 0.4814102572115385 0.7512019230769231 0.3746794879807692 0.7747596153846155 0.37179487259615385 0.7774038461538461 0.3721153846153846 0.7805288461538461 0.37564102644230773 0.7831730769230769
3 0.4647435889423077 0.619951923076923 0.4461538461538461 0.5923076923076923 0.40160256490384616 0.5233173076923077 0.3967948725961538 0.5228365384615384 0.3923076923076923 0.5264423076923077 0.44519230769230766 0.6050480769230769 0.45769230769230773 0.6225961538461539 0.4647435889423077 0.619951923076923
3 0.20705128125 0.24182692307692305 0.20961538461538462 0.3019230769230769 0.21570512740384615 0.3004807692307692 0.21346153846153845 0.24254807692307695 0.20705128125 0.24182692307692305
3 0.2076923076923077 0.4877403846153846 0.20705128125 0.48028846153846155 0.14935897355769231 0.5237980769230769 0.15064102644230767 0.5269230769230769 0.15544871875000002 0.5271634615384616 0.2076923076923077 0.4877403846153846
3 0.12692307692307692 0.6572115384615385 0.14615384615384613 0.6620192307692307 0.13012820432692307 0.653125 0.08846153846153845 0.6391826923076922 0.05544871875 0.6288461538461539 0.050320512019230774 0.6331730769230769 0.06955128125 0.6389423076923078 0.10416666586538462 0.6502403846153846 0.12692307692307692 0.6572115384615385
3 0.37692307692307697 0.5288461538461539 0.3852564110576923 0.5319711538461539 0.4301282043269231 0.5365384615384615 0.43846153846153846 0.5331730769230769 0.3855769230769231 0.5264423076923077 0.3647435889423077 0.5132211538461539 0.35993589663461534 0.5144230769230769 0.36089743509615385 0.5182692307692307 0.37692307692307697 0.5288461538461539
3 0.3535256418269231 0.7673076923076922 0.3538461538461538 0.8293269230769231 0.36025641105769235 0.8290865384615385 0.3605769230769231 0.7677884615384615 0.3535256418269231 0.7673076923076922
3 0.35416666586538464 0.6576923076923078 0.3532051274038462 0.6737980769230769 0.35929487259615384 0.6709134615384615 0.3605769230769231 0.6560096153846153 0.35416666586538464 0.6576923076923078
3 0.2714743581730769 0.7956730769230769 0.26602564182692306 0.8 0.3564102572115385 0.8783653846153846 0.3621794879807692 0.8728365384615385 0.2714743581730769 0.7956730769230769
3 0.3852564110576923 0.8086538461538461 0.37852564182692305 0.8105769230769231 0.37884615384615383 0.8129807692307692 0.4105769230769231 0.8692307692307693 0.41698718028846155 0.8651442307692307 0.4025641033653846 0.8391826923076924 0.3852564110576923 0.8086538461538461
3 0.053508771634615385 0.6410172067307692 0.05488781971153846 0.6407451923076923 0.054714911057692314 0.6418205961538461 0.055987762019230766 0.6416302451923077 0.05592105288461539 0.6426239879807691 0.057087704326923075 0.6425152980769231 0.0571271923076923 0.6434273798076924 0.058187646634615384 0.6434003485576922 0.05833333413461539 0.6442307692307693 0.05993589663461539 0.6444711538461539 0.060387528846153844 0.6451704543269231 0.06153846153846154 0.6447115384615384 0.0631410264423077 0.6449519230769231 0.06148747115384615 0.6460555072115385 0.06698718028846154 0.6504807692307693 0.09102564182692308 0.6670673076923077 0.09391025721153846 0.6617788461538462 0.06955128125 0.6459134615384615 0.06794871875 0.645673076923077 0.06833791105769231 0.6450950096153847 0.0319368125 0.6205414375 0.030689103365384614 0.6212740384615384 0.030723442307692306 0.6197229855769231 0.02958916105769231 0.6203889855769231 0.02951007451923077 0.6189045336538462 0.028489218749999996 0.6195039326923077 0.028296704326923074 0.6180860817307692 0.02738927644230769 0.6186188822115385 0.027083334134615385 0.6172676274038462 0.026289336538461536 0.6177338293269231 0.025869963942307693 0.6164491754807693 0.02518939423076923 0.6168487764423076 0.024656593749999997 0.6156307235576922 0.024089451923076925 0.6159637235576922 0.023443223557692308 0.6148122716346154 0.022989509615384617 0.6150786706730769 0.022229853365384616 0.6139938197115384 0.02188956971153846 0.6141936201923077 0.021016483173076923 0.6131753653846154 0.020789627403846156 0.6133085673076922 0.01858974278846154 0.6115384615384616 0.0125 0.6137019230769231 0.05230263221153846 0.6402138149038462 0.05378787980769231 0.639860139423077 0.053508771634615385 0.6410172067307692
3 0.14967948798076922 0.5875 0.14807692307692308 0.584375 0.1099358966346154 0.5802884615384616 0.10673076923076923 0.5846153846153845 0.14423076923076922 0.5884615384615385 0.14967948798076922 0.5875
3 0.026282050480769228 0.6415865384615385 0.025641026442307695 0.6461538461538462 0.11762820432692307 0.6548076923076922 0.09743589663461538 0.6480769230769231 0.026282050480769228 0.6415865384615385
3 0.14326923076923076 0.653125 0.12756410336538462 0.6519230769230769 0.13621794951923077 0.6567307692307692 0.1423076923076923 0.6574519230769231 0.14326923076923076 0.653125
3 0.39583333413461536 0.5634615384615385 0.41089743509615384 0.5923076923076923 0.4092948725961539 0.5762019230769231 0.4025641033653846 0.5644230769230769 0.39583333413461536 0.5634615384615385
3 0.18621794951923076 0.2841346153846154 0.19294871875 0.3048076923076923 0.19871794951923077 0.303125 0.19198718028846157 0.2848557692307692 0.18621794951923076 0.2841346153846154
3 0.3419871802884616 0.43701923076923077 0.3512820504807692 0.43798076923076923 0.3647435889423077 0.4408653846153846 0.37179487259615385 0.4411057692307692 0.37403846153846154 0.43653846153846154 0.3150641033653846 0.43701923076923077 0.31378205048076924 0.43966346153846153 0.3227564110576923 0.43966346153846153 0.3419871802884616 0.43701923076923077
3 0.12692307692307692 0.7603365384615385 0.13301281971153847 0.7769230769230769 0.13942307692307693 0.7757211538461538 0.1346153846153846 0.7588942307692308 0.12692307692307692 0.7603365384615385
3 0.23301281971153848 0.22860576923076922 0.22948718028846155 0.19663461538461538 0.22115384615384615 0.19831730769230768 0.21826923076923077 0.20384615384615384 0.2076923076923077 0.21394230769230768 0.2025641033653846 0.2173076923076923 0.19871794951923077 0.22740384615384615 0.19294871875 0.2403846153846154 0.19743589663461536 0.2598557692307692 0.2076923076923077 0.2723557692307692 0.20737179567307693 0.24182692307692305 0.2147435889423077 0.24302884615384615 0.21634615384615385 0.2754807692307692 0.2375 0.28076923076923077 0.23461538461538461 0.2533653846153846 0.23333333413461538 0.24350961538461538 0.23301281971153848 0.22860576923076922
3 0.2717948725961538 0.4858173076923077 0.26955128125 0.47283653846153845 0.2689102572115385 0.46153846153846156 0.27051281971153845 0.45360576923076923 0.2737179495192308 0.4466346153846154 0.26858974278846154 0.44591346153846156 0.26185897355769233 0.4425480769230769 0.2605769230769231 0.43846153846153846 0.25801281971153844 0.43293269230769227 0.2557692307692308 0.42956730769230766 0.2525641033653846 0.428125 0.2519230769230769 0.4252403846153846 0.2474358966346154 0.4252403846153846 0.24647435817307692 0.4216346153846154 0.23237179567307692 0.42980769230769234 0.22179487259615385 0.43990384615384615 0.21570512740384615 0.4495192307692308 0.2118589735576923 0.46153846153846156 0.2131410264423077 0.4723557692307692 0.20993589663461537 0.47115384615384615 0.20673076923076922 0.4745192307692308 0.20737179567307693 0.4774038461538461 0.2076923076923077 0.48822115384615383 0.2102564110576923 0.49254807692307695 0.2173076923076923 0.4947115384615385 0.2214743581730769 0.49182692307692305 0.22948718028846155 0.5007211538461539 0.24134615384615385 0.49687499999999996 0.25352564182692305 0.5038461538461538 0.2644230769230769 0.5100961538461538 0.2756410264423077 0.5096153846153846 0.27243589663461537 0.5019230769230769 0.27243589663461537 0.4963942307692308 0.2717948725961538 0.4858173076923077
3 0.22179487259615385 0.30096153846153845 0.2394230769230769 0.30504807692307695 0.23653846153846156 0.2860576923076923 0.22179487259615385 0.30096153846153845
3 0.34967948798076925 0.3211538461538461 0.35897435817307694 0.3228365384615385 0.35448718028846155 0.35721153846153847 0.36025641105769235 0.3658653846153846 0.37147435817307695 0.36706730769230766 0.36987179567307693 0.35096153846153844 0.36730769230769234 0.34831730769230773 0.3666666658653846 0.34158653846153847 0.36794871875 0.32403846153846155 0.36314102644230767 0.3127403846153846 0.36089743509615385 0.3019230769230769 0.3586538461538461 0.29927884615384615 0.35416666586538464 0.29254807692307694 0.35480769230769227 0.2882211538461539 0.3528846153846154 0.28052884615384616 0.34871794951923074 0.27740384615384617 0.3403846153846154 0.2723557692307692 0.34455128125 0.30625 0.34839743509615384 0.3334134615384615 0.34967948798076925 0.3211538461538461
3 0.15673076923076923 0.9891826923076923 0.15673076923076923 0.9997596153846153 0.1647435889423077 0.9995192307692308 0.1701923076923077 0.9942307692307693 0.1724358966346154 0.984375 0.16955128125 0.9805288461538461 0.16955128125 0.971875 0.15961538461538463 0.9713942307692308 0.15128205048076923 0.9624999999999999 0.13653846153846153 0.96875 0.14423076923076922 0.9750000000000001 0.15256410336538462 0.9814903846153846 0.15673076923076923 0.9891826923076923
4 0.18237179567307693 0.9838942307692308 0.19262820432692307 0.9838942307692308 0.1980769230769231 0.9774038461538462 0.1903846153846154 0.9701923076923078 0.18237179567307693 0.9838942307692308
3 0.3724358966346154 0.5264423076923077 0.36025641105769235 0.51875 0.3596153846153846 0.5146634615384615 0.36506410336538464 0.5132211538461539 0.3791666658653846 0.5216346153846154 0.37692307692307697 0.509375 0.37307692307692303 0.5026442307692307 0.3612179495192308 0.5088942307692308 0.3512820504807692 0.510576923076923 0.33910256490384616 0.5112980769230769 0.3227564110576923 0.5112980769230769 0.30096153846153845 0.5122596153846154 0.33044871875 0.5247596153846155 0.35 0.5307692307692308 0.3708333341346154 0.5302884615384615 0.3724358966346154 0.5264423076923077
3 0.2458333341346154 0.4211538461538461 0.24455128125 0.40817307692307697 0.23814102644230767 0.40384615384615385 0.23333333413461538 0.40360576923076924 0.22403846153846155 0.4060096153846154 0.21955128124999998 0.4009615384615385 0.21762820432692306 0.39158653846153846 0.20993589663461537 0.3872596153846154 0.20416666586538462 0.3872596153846154 0.20224358894230768 0.3920673076923077 0.19294871875 0.38749999999999996 0.19326923076923078 0.3850961538461538 0.1897435889423077 0.38125 0.18782051201923075 0.38341346153846156 0.18814102644230768 0.38822115384615385 0.19326923076923078 0.39855769230769234 0.19775641105769232 0.41586538461538464 0.20320512740384616 0.4310096153846154 0.20929487259615384 0.44158653846153845 0.21506410336538462 0.4475961538461538 0.22051281971153847 0.44014423076923076 0.23205128125 0.42980769230769234 0.2458333341346154 0.4211538461538461
3 0.12307692307692308 0.7497596153846153 0.13942307692307693 0.7439903846153846 0.14711538461538462 0.744951923076923 0.1477564110576923 0.7411057692307692 0.13589743509615385 0.7415865384615384 0.12884615384615386 0.7372596153846154 0.11217948798076922 0.7350961538461539 0.10160256490384614 0.7480769230769231 0.10480769230769231 0.7519230769230769 0.11666666586538461 0.7490384615384615 0.12307692307692308 0.7497596153846153
4 0.6849358966346154 0.3956730769230769 0.68044871875 0.3954326923076923 0.676923076923077 0.39735576923076926 0.6897435889423077 0.41514423076923074 0.6958333341346153 0.4161057692307692 0.6958333341346153 0.4110576923076923 0.6849358966346154 0.3956730769230769
3 0.7416666658653847 0.6146634615384615 0.7480769230769231 0.6132211538461538 0.7516025649038462 0.6072115384615384 0.7503205120192308 0.6036057692307693 0.7442307692307693 0.6026442307692308 0.7352564110576923 0.6024038461538461 0.7314102572115384 0.6105769230769231 0.7346153846153847 0.6132211538461538 0.7416666658653847 0.6146634615384615
4 0.7673076923076922 0.46418269230769227 0.78205128125 0.47644230769230766 0.7945512812500001 0.48894230769230773 0.8073717956730769 0.5055288461538462 0.8285256418269231 0.49615384615384617 0.8304487187499999 0.490625 0.8243589735576923 0.4829326923076923 0.8153846153846154 0.4701923076923077 0.7983974350961538 0.4560096153846154 0.7817307692307692 0.4439903846153846 0.771474358173077 0.44350961538461536 0.7625 0.44543269230769234 0.7314102572115384 0.4588942307692308 0.7471153846153846 0.459375 0.7557692307692307 0.4600961538461539 0.7673076923076922 0.46418269230769227