4 0.49810448798076923 0.04425638221153846 0.5241467524038461 0.04291734855769231 0.5262259230769231 0.036389463942307694 0.5009500961538461 0.038667497596153844 0.49810448798076923 0.04425638221153846
4 0.549629798076923 0.06265512740384616 0.5411807644230769 0.07573256490384615 0.5406897139423077 0.07939073557692308 0.5461251514423077 0.07734521634615385 0.5554208293269232 0.06345296394230769 0.549629798076923 0.06265512740384616
4 0.5123682427884615 0.1571138125 0.5066422716346154 0.15843297115384616 0.5018930552884615 0.1631713076923077 0.5040894278846154 0.17354833413461537 0.5103238365384615 0.17350031490384615 0.5142665120192308 0.16869988461538463 0.5123682427884615 0.1571138125
4 0.5022099038461538 0.20402743990384617 0.510162545673077 0.20534369471153846 0.5247604375 0.20470756971153847 0.5271550961538461 0.2018999495192308 0.5116530769230769 0.19929848557692306 0.5040711754807693 0.19695478125 0.4985880576923077 0.20181261298076925 0.5022099038461538 0.20402743990384617
4 0.44161089182692304 0.3114733269230769 0.4142362764423077 0.30654982451923074 0.4106318125 0.30926430528846155 0.40874558413461537 0.31334306490384617 0.4280873485576923 0.318704125 0.43818422115384614 0.31560948557692303 0.44161089182692304 0.3114733269230769
2 0.5059075841346155 0.34616721875 0.5053741947115384 0.34190218028846153 0.4267011033653846 0.3543251706730769 0.42303157932692304 0.3549226586538462 0.4241059278846154 0.3615173269230769 0.41846151923076924 0.39821854086538466 0.4151172884615385 0.40940100240384614 0.4192702908653846 0.40708075000000005 0.4992864158653846 0.37944925240384614 0.5008745360576923 0.37657954086538464 0.5058697115384615 0.35584424278846155 0.5059075841346155 0.34616721875
2 0.4170186658653846 0.40145143749999995 0.41911298317307694 0.3910527427884615 0.4236224495192307 0.36324009375 0.42247546634615385 0.35646383413461535 0.4178140384615385 0.3575129495192308 0.4163538028846154 0.35581653846153843 0.4116522668269231 0.35774256490384615 0.4107026947115384 0.36611740144230764 0.4080045889423077 0.38086958894230766 0.40608049278846153 0.3946253653846154 0.40499545913461543 0.4095017355769231 0.4077381370192308 0.4114728774038462 0.4099148942307692 0.40812048557692304 0.41490696634615387 0.40692082692307696 0.4170186658653846 0.40145143749999995
4 0.51609271875 0.40485498798076924 0.5092500625 0.39165626201923076 0.5037094567307693 0.3924616947115384 0.4993710889423077 0.3952956706730769 0.5052543653846153 0.41000452403846155 0.5147875552884615 0.41038646634615383 0.51609271875 0.40485498798076924
4 0.45683857932692307 0.599699860576923 0.45569160096153843 0.5929235961538462 0.4470950673076923 0.5968377379807692 0.41184490625000003 0.6083798052884615 0.4119999807692307 0.6156076971153847 0.4460002283653846 0.6048493966346153 0.45683857932692307 0.599699860576923
4 0.5091174086538461 0.6317085264423077 0.4902560144230769 0.6441603389423077 0.48653881250000003 0.6475701322115385 0.5043628557692308 0.6471823846153846 0.5263603870192308 0.6298680528846153 0.5520501706730769 0.6061500216346154 0.542008545673077 0.6044969447115385 0.5346467740384615 0.6114981274038461 0.5091174086538461 0.6317085264423077
4 0.2451340985576923 0.8521514302884616 0.24537471875 0.8468899927884616 0.24230897836538462 0.8431339879807692 0.20706193028846157 0.8351404182692307 0.19752339903846156 0.8454939951923077 0.23398025721153845 0.853580704326923 0.2451340985576923 0.8521514302884616
4 0.7040792884615384 0.31883234855769227 0.713667733173077 0.3144665769230769 0.7177360576923076 0.29629990625 0.7127114639423078 0.29644106971153844 0.7059534759615385 0.2990887644230769 0.7046082115384615 0.30549715384615383 0.7006352379807693 0.31803919951923076 0.7040792884615384 0.31883234855769227
4 0.7068464375 0.2583257692307692 0.7107815384615385 0.25546074759615384 0.7290694423076923 0.23962080769230767 0.7274639423076923 0.23756121394230767 0.7201975264423077 0.2389377764423077 0.7029741634615385 0.25450767307692307 0.7020072115384616 0.2579532067307692 0.7068464375 0.2583257692307692
4 0.5851315336538462 0.5022175673076923 0.5875890192307692 0.4927268269230769 0.5573059735576923 0.5000753317307692 0.5473142620192308 0.5044100576923077 0.5457109927884616 0.5111505817307692 0.5672197091346154 0.5062945360576923 0.5851315336538462 0.5022175673076923
4 0.5318888605769231 0.45411879567307695 0.5335972908653847 0.44861836057692306 0.5129677475961538 0.4537180889423077 0.4893700528846154 0.4582373076923077 0.48839552403846154 0.4636182451923077 0.50898496875 0.4593954206730769 0.5318888605769231 0.45411879567307695
2 0.5090595336538462 0.7214635024038463 0.5396709807692308 0.7051643365384616 0.5534525288461538 0.69760140625 0.5612790360576922 0.64681228125 0.46936846634615387 0.6495921995192308 0.4559046442307692 0.6696755120192308 0.4430945144230769 0.6913931418269231 0.4383551057692308 0.7029961899038462 0.43460003605769226 0.7160830072115385 0.43645819951923076 0.7285459855769231 0.4414244375 0.7526881754807693 0.4725367427884616 0.7395955504807692 0.4922296322115385 0.730199735576923 0.5090595336538462 0.7214635024038463
4 0.4045679038461539 0.7905064038461538 0.3873249230769231 0.7923468798076924 0.37557487019230773 0.7961942331730769 0.35267097596153846 0.8014708653846154 0.3486579014423077 0.8148898173076924 0.3575048653846154 0.8125789471153847 0.36732858653846157 0.8136872572115385 0.3830712235576923 0.8110272764423077 0.41081434615384615 0.8061232091346154 0.4314590384615385 0.7971526730769232 0.4462075360576923 0.7861442067307693 0.42860896634615386 0.7851413269230769 0.4045679038461539 0.7905064038461538
4 0.4514361514423077 0.6682755 0.4597171995192308 0.6606410937499999 0.45106094711538464 0.6517027187500001 0.4370017860576923 0.6458683605769231 0.42586532692307694 0.6522269375 0.4357010889423077 0.6690000745192308 0.4514361514423077 0.6682755
4 0.4636881201923077 0.957856923076923 0.4693119014423077 0.9609768509615384 0.4898677764423077 0.9591784447115385 0.4973350096153846 0.9530553822115385 0.4978639302884615 0.9397201850961537 0.4913942451923077 0.9342941298076923 0.4636881201923077 0.957856923076923
4 0.5218883100961539 0.5825320528846154 0.5162175865384616 0.5791034951923076 0.5103463461538461 0.58005946875 0.4825956538461539 0.5868989399038461 0.48628255769230766 0.5912307620192307 0.5178328966346154 0.588027795673077 0.5218883100961539 0.5825320528846154