2 0.5521659663461539 0.4723126177884615 0.5552169591346154 0.5452590336538461 0.5597890985576923 0.5555715408653846 0.5747852163461539 0.5456629302884616 0.5722270697115385 0.46970349038461534 0.5681010384615385 0.46059494471153845 0.5521659663461539 0.4723126177884615
4 0.7677981514423077 0.7988855408653847 0.7618531466346153 0.9041588317307692 0.7560402620192307 0.9311783076923077 0.7826838341346154 0.9233154375 0.7991603245192308 0.8793274182692308 0.8101784014423077 0.8469564663461538 0.8191957788461538 0.804408591346154 0.7677981514423077 0.7988855408653847
3 0.5661043052884616 0.4666430288461539 0.5650523341346154 0.46206671875 0.5503405889423078 0.4628984110576923 0.5502061923076923 0.4667340384615385 0.5631666322115385 0.4663876682692308 0.5661043052884616 0.4666430288461539
3 0.28312409855769227 0.6368505456730769 0.2770948028846154 0.6253561105769231 0.26528179326923074 0.6299573173076923 0.25525520913461536 0.6474868870192307 0.23538104086538464 0.6332280625 0.22363431250000002 0.6484316274038461 0.2288201033653846 0.6614136490384616 0.24223657451923078 0.7028337596153846 0.2642437139423077 0.68216853125 0.2783709759615384 0.6677434975961538 0.28312409855769227 0.6368505456730769
4 0.20704484615384616 0.26315981009615386 0.20076843509615383 0.3154213197115385 0.20626975721153845 0.3165150985576923 0.21697994471153845 0.2621767163461538 0.21832591586538463 0.2319329375 0.20704484615384616 0.26315981009615386
4 0.08160509615384615 0.6287866947115385 0.0708558173076923 0.6534863870192308 0.07487662019230769 0.6555067307692308 0.08498109374999999 0.6309488509615384 0.08160509615384615 0.6287866947115385
4 0.1303211514423077 0.8348183605769232 0.12966275240384614 0.8444783389423077 0.13042836298076924 0.8500190649038462 0.13516407692307691 0.8455721177884615 0.13182305528846155 0.8236708004807693 0.1303211514423077 0.8348183605769232
4 0.3721567932692308 0.7537874927884616 0.3573437932692308 0.7637559903846154 0.3574568100961538 0.7701413605769231 0.3721821466346154 0.7597915024038462 0.3721567932692308 0.7537874927884616
4 0.4002105288461539 0.26214337740384613 0.39480282211538464 0.28576846875 0.39973921634615384 0.28808825 0.40514692067307695 0.2644631586538461 0.4002105288461539 0.26214337740384613
4 0.4258572139423077 0.8002702331730769 0.42684106971153846 0.8192845264423076 0.43037483173076924 0.8155025600961537 0.42985266346153844 0.7962865697115385 0.4258572139423077 0.8002702331730769
4 0.4868253894230769 0.7464972379807692 0.47448639182692304 0.7488102884615385 0.4731266754807692 0.7554193942307692 0.48591178365384613 0.7543103052884615 0.4868253894230769 0.7464972379807692