2 0.4967320264423077 0.5680147067307693 0.5098039206730769 0.5704656850961538 0.5236928100961539 0.5695465697115385 0.5351307187500001 0.5649509807692308 0.540849673076923 0.5594362740384615 0.5388071899038461 0.5499387259615385 0.5437091514423077 0.49234068509615386 0.5392156850961538 0.48590686298076924 0.5269607836538461 0.4806985288461538 0.5126633990384616 0.4788602932692308 0.5004084975961539 0.4810049014423077 0.49387254807692305 0.48621323557692303 0.4718137259615384 0.5435049014423077 0.47058823557692303 0.5520833341346154 0.4812091514423077 0.5628063725961538 0.4967320264423077 0.5680147067307693
4 0.4105392163461538 0.5860906850961538 0.4150326802884615 0.5891544110576923 0.4232026153846154 0.5906862740384615 0.42116012980769235 0.5882352932692307 0.42401960817307693 0.5867034302884615 0.4293300649038461 0.5863970576923078 0.4338235288461538 0.5857843149038462 0.43464052403846154 0.5863970576923078 0.4387254903846154 0.5845588245192308 0.4419934639423077 0.5814950985576923 0.44281045673076924 0.5753676466346154 0.44403594711538463 0.5689338245192308 0.4452614375 0.5643382355769231 0.43668300721153847 0.5634191177884615 0.4350490192307692 0.5609681370192308 0.43259803846153844 0.5597426466346154 0.4276960793269231 0.5597426466346154 0.423611110576923 0.5628063725961538 0.41911764663461537 0.5643382355769231 0.41544117548076925 0.5634191177884615 0.41380718990384613 0.5603553918269231 0.40482026201923077 0.5566789206730769 0.4007352932692308 0.5539215697115385 0.39583333413461536 0.5526960793269231 0.3937908485576923 0.5511642163461539 0.39460784374999996 0.5474877451923077 0.39256536057692304 0.5499387259615385 0.3892973846153846 0.5539215697115385 0.38970588221153846 0.5582107836538461 0.3880718942307692 0.5594362740384615 0.3880718942307692 0.5640318629807692 0.388888889423077 0.5677083341346154 0.39338235336538463 0.5677083341346154 0.39542483653846155 0.5701593149038462 0.3995098028846154 0.5750612740384615 0.40400326682692306 0.5790441177884615 0.40686274519230764 0.5818014711538462 0.4105392163461538 0.5860906850961538
4 0.40114379086538465 0.5477941177884615 0.40604575240384616 0.5484068629807692 0.41258169951923074 0.5337009807692308 0.40849673317307694 0.5318627451923077 0.40604575240384616 0.5343137259615385 0.40114379086538465 0.5477941177884615
4 0.40767973798076923 0.5281862740384615 0.41094771153846155 0.5300245096153846 0.41421568509615386 0.5294117644230769 0.42401960817307693 0.5147058822115385 0.4207516346153846 0.5122549014423077 0.41830065384615384 0.5134803918269231 0.40767973798076923 0.5281862740384615
4 0.4264705889423077 0.5238970576923078 0.4485294110576923 0.5165441177884615 0.4485294110576923 0.5128676466346154 0.42401960817307693 0.51960784375 0.4264705889423077 0.5238970576923078
4 0.4395424831730769 0.5 0.4395424831730769 0.48345588221153846 0.4330065360576923 0.48468137259615385 0.4338235288461538 0.5006127451923077 0.4395424831730769 0.5
4 0.45261437980769226 0.5079656850961538 0.4632352932692308 0.5134803918269231 0.4656862740384616 0.5079656850961538 0.45588235336538463 0.5036764711538462 0.45261437980769226 0.5079656850961538
4 0.45343137259615385 0.48039215625000004 0.46405228846153845 0.46262254807692305 0.45669934615384616 0.46262254807692305 0.4485294110576923 0.4785539206730769 0.45343137259615385 0.48039215625000004
4 0.47058823557692303 0.4957107836538462 0.4656862740384616 0.4914215697115385 0.46078431490384614 0.49387254807692305 0.46813725480769236 0.5018382355769231 0.47058823557692303 0.4957107836538462
4 0.47222222115384616 0.4914215697115385 0.45669934615384616 0.4957107836538462 0.45669934615384616 0.49938725480769236 0.47222222115384616 0.49509803846153844 0.47222222115384616 0.4914215697115385
4 0.45098039182692307 0.4932598028846154 0.4730392163461538 0.48958333413461536 0.4730392163461538 0.48529411778846154 0.45098039182692307 0.4889705889423077 0.45098039182692307 0.4932598028846154
4 0.44281045673076924 0.4797794110576923 0.44362745192307695 0.5018382355769231 0.4485294110576923 0.5024509807692308 0.4477124182692308 0.47916666586538464 0.44281045673076924 0.4797794110576923
4 0.41421568509615386 0.5496323533653846 0.40114379086538465 0.5551470576923078 0.40767973798076923 0.5575980384615384 0.41584967307692305 0.5520833341346154 0.41421568509615386 0.5496323533653846
4 0.42238562019230774 0.5520833341346154 0.4174836610576923 0.5526960793269231 0.40767973798076923 0.5588235288461538 0.41421568509615386 0.5612745096153846 0.4232026153846154 0.5539215697115385 0.42238562019230774 0.5520833341346154
4 0.4330065360576923 0.5557598028846154 0.44281045673076924 0.556372548076923 0.4444444447115385 0.5533088245192308 0.4330065360576923 0.5520833341346154 0.4330065360576923 0.5557598028846154
4 0.1764705889423077 0.6096813725961538 0.17728758173076922 0.6029411754807692 0.1723856201923077 0.6017156850961538 0.17075163461538462 0.6096813725961538 0.1764705889423077 0.6096813725961538
4 0.5751633990384616 0.07230392067307692 0.5751633990384616 0.061274509615384616 0.5702614375 0.061887254807692305 0.5694444447115384 0.07107843028846153 0.5751633990384616 0.07230392067307692