2 0.5281862740384615 0.31433823557692303 0.5228758173076924 0.3210784302884615 0.5228758173076924 0.3256740192307692 0.5326797379807693 0.33455882451923075 0.546977125 0.34375 0.5641339879807693 0.35447303846153844 0.5755718942307693 0.36121323557692303 0.5829248365384616 0.36121323557692303 0.5931372548076923 0.35723039182692307 0.6041666658653846 0.35171568509615386 0.6127450985576923 0.34405637259615385 0.6237745096153847 0.3311887259615384 0.6237745096153847 0.32751225480769236 0.6196895432692308 0.32536764663461537 0.5690359471153846 0.31311274519230764 0.5441176466346154 0.3069852932692308 0.540849673076923 0.3066789206730769 0.5334967331730769 0.3100490192307692 0.5281862740384615 0.31433823557692303
3 0.3725490192307692 0.8884803918269231 0.37009803846153844 0.8887867644230769 0.37009803846153844 0.8918504903846153 0.37459150240384614 0.8979779423076923 0.3827614375 0.9044117644230769 0.39011437980769226 0.9105392163461539 0.39256536057692304 0.9105392163461539 0.40277777884615384 0.9194240192307692 0.4093137259615384 0.9234068629807692 0.41789215625000004 0.9313725480769232 0.42279411778846154 0.9353553918269231 0.4301470576923077 0.9356617644230769 0.43096405288461537 0.9350490192307692 0.4342320264423077 0.9371936274038462 0.44281045673076924 0.9420955889423077 0.44240196153846156 0.9375 0.390522875 0.8909313725961538 0.3823529423076923 0.8835784302884615 0.3770424831730769 0.8829656850961538 0.3770424831730769 0.8860294110576923 0.37540849759615386 0.8863357836538461 0.3725490192307692 0.8884803918269231
3 0.3864379086538462 0.9378063725961538 0.39460784374999996 0.9396446081730769 0.40236928125 0.9427083341346154 0.42034313701923076 0.953125 0.4264705889423077 0.9466911754807692 0.41789215625000004 0.9420955889423077 0.4019607836538462 0.9347426466346154 0.3929738557692308 0.9286151971153846 0.3848039206730769 0.9319852932692307 0.3827614375 0.9356617644230769 0.3864379086538462 0.9378063725961538
4 0.6013071899038461 0.7101715697115385 0.6037581706730769 0.7086397067307693 0.6041666658653846 0.7003676466346154 0.6045751634615384 0.6957720576923077 0.5992647067307693 0.6927083341346154 0.5915032668269231 0.69148284375 0.5849673197115385 0.6899509807692308 0.5784313725961538 0.6948529423076923 0.5788398701923076 0.6985294110576923 0.5906862740384615 0.7074142163461539 0.6013071899038461 0.7101715697115385
4 0.5416666658653846 0.8443627451923077 0.5457516346153846 0.8462009807692308 0.5669934639423077 0.8382352932692307 0.5629084975961539 0.83210784375 0.540849673076923 0.8394607836538461 0.5416666658653846 0.8443627451923077
4 0.6356209158653846 0.7971813725961538 0.630718954326923 0.7787990192307692 0.6217320264423076 0.78125 0.6266339879807692 0.7977941177884615 0.6299019615384616 0.7984068629807692 0.634803920673077 0.7990196081730769 0.6356209158653846 0.7971813725961538
4 0.8529411754807692 0.6770833341346154 0.8709150336538461 0.6868872548076923 0.8758169927884616 0.6819852932692307 0.8586601298076922 0.6721813725961538 0.8529411754807692 0.6770833341346154
4 0.9362745096153847 0.6685049014423078 0.9558823533653846 0.6556372548076923 0.9485294110576923 0.6507352932692307 0.9289215697115385 0.6636029423076923 0.9362745096153847 0.6685049014423078
4 0.10049019711538462 0.5165441177884615 0.1184640528846154 0.5024509807692308 0.11356209134615385 0.5 0.09640522836538461 0.5134803918269231 0.10049019711538462 0.5165441177884615
4 0.004901961538461539 0.4932598028846154 0.025326798076923077 0.48835784374999996 0.023692810096153847 0.48345588221153846 0.0032679735576923077 0.48835784374999996 0.004901961538461539 0.4932598028846154
4 0.2524509807692308 0.3664215697115385 0.25081699278846153 0.34865196153846156 0.24509803846153846 0.3492647067307692 0.24509803846153846 0.3664215697115385 0.2524509807692308 0.3664215697115385