3 0.28289473798076925 0.5785 0.2637061394230769 0.563 0.2494517548076923 0.5549999999999999 0.2456140360576923 0.5622499999999999 0.23464912259615384 0.56625 0.2160087716346154 0.5755 0.22478070192307692 0.583 0.24177631490384616 0.583 0.26260964903846157 0.581 0.28289473798076925 0.5785
4 0.39802631490384616 0.59 0.42598684134615383 0.59075 0.4265350865384615 0.587 0.3991228076923077 0.5865 0.39802631490384616 0.59
4 0.4172149134615385 0.6265000000000001 0.42050438701923076 0.6377499999999999 0.43366228125000006 0.6377499999999999 0.42927631490384616 0.6265000000000001 0.4172149134615385 0.6265000000000001
4 0.24616228125 0.59425 0.25 0.60175 0.25877193028846157 0.60175 0.25383771875 0.593 0.24616228125 0.59425
4 0.6052631586538462 0.6597500000000001 0.5953947379807693 0.658 0.5888157884615385 0.6652500000000001 0.5685307019230769 0.6747500000000001 0.5783991225961539 0.6777500000000001 0.5948464903846153 0.6679999999999999 0.6052631586538462 0.6597500000000001
4 0.5570175432692308 0.6812499999999999 0.5646929831730769 0.6927500000000001 0.5767543870192308 0.6920000000000001 0.5652412283653846 0.6792499999999999 0.5570175432692308 0.6812499999999999
4 0.5992324567307692 0.67525 0.6315789471153846 0.67525 0.6315789471153846 0.67 0.5975877187499999 0.6705 0.5992324567307692 0.67525
4 0.6650219302884615 0.7955 0.6726973677884616 0.80925 0.6842105264423076 0.8099999999999999 0.6754385961538462 0.7955 0.6650219302884615 0.7955
4 0.7626096490384615 0.8062499999999999 0.7554824567307693 0.8155 0.7658991225961539 0.81825 0.7719298245192309 0.8065 0.7626096490384615 0.8062499999999999
4 0.6743421057692308 0.5780000000000001 0.7061403509615385 0.581 0.7072368413461538 0.57575 0.6776315793269231 0.574 0.6743421057692308 0.5780000000000001
4 0.1321271923076923 0.5505 0.10635964903846154 0.544 0.10197368509615384 0.5475 0.12335526201923078 0.5535 0.1321271923076923 0.5505