2 0.4008739350961538 0.5438295288461539 0.4053988581730769 0.5574055576923077 0.41279159615384614 0.5689492235576923 0.42374212740384615 0.5818024038461538 0.438001 0.5879329254807693 0.44563258653846155 0.5835734975961538 0.49121278125 0.5412386033653847 0.49359703125 0.5330729831730769 0.4908648605769231 0.5205979447115385 0.4835753197115385 0.5076585889423076 0.47389387019230766 0.4979193028846154 0.4660682668269231 0.49603148076923076 0.4135358581730769 0.5221324134615385 0.40376653125 0.5237199086538461 0.4007754567307692 0.5312210456730769 0.4008739350961538 0.5438295288461539
4 0.46869300721153845 0.660767516826923 0.46645206490384616 0.65939128125 0.4633902331730769 0.6551763942307692 0.45919790625 0.6523099326923076 0.4522333028846154 0.6451145961538463 0.44870322836538457 0.644697545673077 0.4464068533653846 0.6415363822115385 0.44610963701923073 0.6366848269230769 0.4474188221153846 0.6316525576923078 0.4455152019230769 0.6269817115384615 0.44340518028846154 0.62510225 0.44045421634615384 0.62445721875 0.4362542259615385 0.6166252139423077 0.4323868293269231 0.6195027716346153 0.42678211298076923 0.6230642668269231 0.4213083173076923 0.6261225384615384 0.41968186298076926 0.6303763317307692 0.4195308918269231 0.6349526418269231 0.42042726682692305 0.6355031370192308 0.4215931442307692 0.6400127235576923 0.42336584375 0.6451867932692308 0.42302851923076923 0.6484814038461538 0.4199189182692308 0.6474471370192307 0.4245393846153846 0.6546619254807692 0.42917990144230767 0.6578036370192308 0.4346613605769231 0.6597109110576922 0.43837778125000004 0.6614096634615384 0.44388695913461534 0.6642094038461538 0.4501061610576923 0.6662779375000001 0.45321576442307693 0.6673122043269231 0.45496074278846155 0.6715938076923076 0.4587526538461538 0.67100440625 0.4630959543269231 0.6692945576923077 0.46361962740384616 0.6672816538461538 0.46783200961538457 0.6660750336538462 0.47032712259615383 0.661479266826923 0.47185037500000004 0.6586211658653846 0.46869300721153845 0.660767516826923
4 0.47790034375 0.6363651923076923 0.4665399447115384 0.6480644975961538 0.4690226658653846 0.6525073629807692 0.47985939423076923 0.6428209663461538 0.48122401201923076 0.639573625 0.47790034375 0.6363651923076923
4 0.4947899783653846 0.6233925480769231 0.49499638221153847 0.6206011658653845 0.4914108774038462 0.6183991874999999 0.4813195528846154 0.633212389423077 0.48200952403846153 0.6365542644230769 0.485015920673077 0.6389842211538461 0.4947899783653846 0.6233925480769231
4 0.48677802403846154 0.6202230264423078 0.48363010576923077 0.5943610264423077 0.48015546634615386 0.5957289038461538 0.48177246875 0.6194834615384616 0.48677802403846154 0.6202230264423078
4 0.5009230913461539 0.60381396875 0.5162971346153846 0.5986649711538461 0.5149171899038462 0.59198121875 0.4992813125 0.598136670673077 0.5009230913461539 0.60381396875
4 0.48946127884615387 0.5839350673076923 0.4816002956730769 0.5761892379807693 0.4773401466346154 0.5805764759615385 0.4866766105769231 0.5886448197115385 0.48946127884615387 0.5839350673076923
4 0.5160600793269231 0.5815941682692307 0.52794415625 0.5678819591346154 0.5250887283653847 0.5608756899038462 0.512419141826923 0.577607264423077 0.5160600793269231 0.5815941682692307
4 0.4864395528846154 0.5715740168269231 0.49682336778846153 0.5756165480769231 0.4972361802884615 0.5700337860576923 0.4912788125 0.5669588004807692 0.4864395528846154 0.5715740168269231
4 0.4912233798076923 0.5651738701923077 0.49319775721153847 0.5815607331730769 0.4966723942307692 0.580192858173077 0.4946980216346154 0.5638059903846154 0.4912233798076923 0.5651738701923077
4 0.5052634567307692 0.5831343990384615 0.5001718197115385 0.5607477211538462 0.4961180697115385 0.5623435793269231 0.5012097115384615 0.5847302572115385 0.5052634567307692 0.5831343990384615
4 0.5157982427884615 0.5826006201923077 0.4934749206730769 0.5904853725961539 0.4959576442307692 0.5949282403846154 0.5171227548076923 0.5874994471153846 0.5157982427884615 0.5826006201923077
4 0.45925806490384613 0.6400906850961537 0.4572188028846154 0.6499272427884615 0.4620733870192308 0.6552431177884616 0.46220903365384614 0.6407357163461539 0.45925806490384613 0.6400906850961537
4 0.45606058653846154 0.6503832043269231 0.4580444182692308 0.63876171875 0.45671990865384615 0.6338628942307692 0.45466531730769233 0.6337683581730769 0.4512060048076923 0.645067329326923 0.45606058653846154 0.6503832043269231
4 0.4525954014423077 0.6237427283653846 0.44699541586538466 0.6133000528846154 0.4447344230769231 0.6159968990384616 0.4491207644230769 0.625110608173077 0.4525954014423077 0.6237427283653846
4 0.5000029302884615 0.8950629879807692 0.5068967788461538 0.8905423052884616 0.5038349495192308 0.8863274206730769 0.49778204326923076 0.889613670673077 0.5000029302884615 0.8950629879807692
4 0.8542101009615385 0.3147735552884615 0.8625794302884615 0.31057538942307694 0.861254923076923 0.30567656490384615 0.850831 0.30978019951923075 0.8542101009615385 0.3147735552884615