3 0.0078125 0.2705078125 0.018880209134615387 0.28125 0.14518229086538462 0.30859375 0.14583333413461538 0.2919921875 0.03125 0.26513671875 0.0078125 0.2705078125
4 0.10807291586538462 0.36279296875 0.12044270913461538 0.35205078125 0.119140625 0.33349609375 0.11067708413461538 0.32470703125 0.09375 0.3173828125 0.06901041586538462 0.32080078125 0.0546875 0.33349609375 0.05403645913461538 0.34814453125 0.068359375 0.3642578125 0.08658854086538462 0.36767578125 0.10807291586538462 0.36279296875
3 0.16536458413461538 0.4208984375 0.17057291586538462 0.41748046875 0.14127604086538462 0.38427734375 0.115234375 0.36669921875 0.099609375 0.37158203125 0.10481770913461538 0.38720703125 0.12369791586538462 0.40869140625 0.14518229086538462 0.40771484375 0.16536458413461538 0.4208984375
3 0.24739583413461538 0.46484375 0.0078125 0.47021484375 0.008463540865384615 0.4794921875 0.24739583413461538 0.47265625 0.24739583413461538 0.46484375
4 0.2877604158653846 0.29248046875 0.30924479086538464 0.287109375 0.310546875 0.27734375 0.2858072908653846 0.2744140625 0.26171875 0.2705078125 0.23177083413461538 0.2666015625 0.24088541586538462 0.2734375 0.24674479086538462 0.28564453125 0.2877604158653846 0.29248046875
4 0.357421875 0.41064453125 0.36067708413461536 0.44140625 0.37565104086538464 0.44580078125 0.36848958413461536 0.41015625 0.357421875 0.41064453125
3 0.8899739591346154 0.58740234375 0.9088541658653846 0.6015625 0.9192708341346154 0.60498046875 0.9283854158653846 0.59814453125 0.9147135408653846 0.59228515625 0.9153645841346154 0.58203125 0.9186197908653846 0.57421875 0.9114583341346154 0.56689453125 0.8990885408653846 0.5634765625 0.8919270841346154 0.54833984375 0.8580729158653846 0.49609375 0.8463541658653846 0.4990234375 0.8502604158653846 0.51025390625 0.869140625 0.53515625 0.8899739591346154 0.56591796875 0.88671875 0.57421875 0.8899739591346154 0.58740234375
3 0.5472560985576923 0.7588247908653846 0.5485026033653846 0.7606724326923077 0.5454141274038462 0.7608493701923076 0.5462239591346154 0.7624860504807691 0.5435721538461539 0.7628739519230769 0.5439453125 0.7642996658653847 0.5417301826923077 0.7648985336538462 0.5416666658653846 0.76611328125 0.5398882115384616 0.7669231129807692 0.5393880216346154 0.7679268966346153 0.5362042692307692 0.7709722764423077 0.5348307283653846 0.7715541298076923 0.5343622956730769 0.7729968557692307 0.5325520841346154 0.7733677451923077 0.5325203245192308 0.7750214375000001 0.5302734375 0.7751813629807691 0.5306783533653846 0.7770460168269231 0.5279947908653846 0.7769949783653847 0.5288363822115385 0.7790705985576923 0.5257161466346154 0.77880859375 0.5269944110576923 0.7810951802884615 0.5251524399038462 0.7831197596153847 0.5234375 0.7806222091346153 0.509765625 0.79150390625 0.5104166658653846 0.79931640625 0.5122586370192308 0.7972918245192309 0.5126116081730769 0.7974609374999999 0.5141006105769231 0.7952672451923076 0.514806548076923 0.79560546875 0.5159425817307692 0.7932426634615385 0.5170014879807693 0.79375 0.5177845528846153 0.7912180841346154 0.5191964278846154 0.7918945312500001 0.5235863100961539 0.7881835937499999 0.5214684951923076 0.7871689206730769 0.5233104663461539 0.7851443413461539 0.52578125 0.786328125 0.5806547620192307 0.73994140625 0.5804036466346154 0.7375488269230769 0.582849701923077 0.7380859375 0.5838216153846154 0.7359619134615384 0.5850446418269231 0.7362304687500001 0.5872395841346154 0.734375 0.5748856706730769 0.7284560793269231 0.5859375 0.71630859375 0.5863715288461538 0.7107747403846154 0.5927734375 0.7116699230769231 0.5989583341346154 0.71533203125 0.5991443461538462 0.7100306923076923 0.6028645841346154 0.7054036466346154 0.6106770841346154 0.7080078125 0.6178385408653846 0.705078125 0.6165364591346154 0.69677734375 0.599609375 0.69677734375 0.5989583341346154 0.7041015625 0.5992373509615384 0.7073800216346153 0.5896809903846154 0.7098388677884616 0.5865885408653846 0.7080078125 0.5730436995192307 0.7304806586538461 0.5490980697115385 0.7568002091346154 0.55078125 0.7588588173076923 0.5472560985576923 0.7588247908653846
3 0.9101996538461539 0.7029622403846154 0.9103422620192307 0.70068359375 0.9134114591346154 0.7021484375 0.9192708341346154 0.7236328125 0.9368489591346154 0.7275390625 0.9602864591346154 0.728515625 0.962890625 0.716796875 0.9498697908653846 0.7138671875 0.9072730649038461 0.69921875 0.8919270841346154 0.69189453125 0.8717447908653846 0.67529296875 0.8528645841346154 0.658203125 0.8444010408653846 0.66796875 0.84375 0.67724609375 0.83203125 0.69140625 0.865234375 0.71435546875 0.9101996538461539 0.7029622403846154
3 0.658203125 0.48193359375 0.6490885408653846 0.486328125 0.6432291658653846 0.47607421875 0.6321614591346154 0.4921875 0.623046875 0.4970703125 0.6171875 0.5146484375 0.6412760408653846 0.52294921875 0.6634114591346154 0.48681640625 0.658203125 0.48193359375
3 0.6511346730769231 0.47984095913461544 0.6634114591346154 0.4921875 0.8365885408653846 0.59326171875 0.8463541658653846 0.58837890625 0.6725260408653846 0.4873046875 0.6490885408653846 0.47778320192307694 0.6470424110576923 0.47572544711538456 0.644965278846154 0.47444661538461536 0.6449962788461538 0.47366768990384617 0.6477864591346154 0.47265625 0.6451822908653846 0.47080078125 0.6429501490384616 0.47160993269230767 0.642578125 0.46894531250000004 0.640904016826923 0.4695521754807693 0.6399739591346154 0.46708984374999996 0.6388578870192307 0.46749441826923077 0.6373697908653846 0.465234375 0.6368117548076923 0.4654366634615385 0.634765625 0.46337890625 0.6236979158653846 0.4697265625 0.6393229158653846 0.47802734375 0.642144096153846 0.47623697836538464 0.6511346730769231 0.47984095913461544
3 0.7454427091346154 0.35693359375 0.7688802091346154 0.3896484375 0.7747395841346154 0.3857421875 0.7786458341346154 0.36572265625 0.7454427091346154 0.35693359375
3 0.844184028846154 0.41186523557692306 0.8414062499999999 0.4130859375 0.84375 0.42041015625 0.8548177091346154 0.4189453125 0.855034721153846 0.42102050721153844 0.8658854158653846 0.43017578125 0.9361979158653846 0.4609375 0.9466145841346154 0.4443359375 0.9264322908653846 0.43408203125 0.916015625 0.4208984375 0.9036458341346154 0.42431640625 0.8919270841346154 0.42395019471153844 0.89453125 0.40283203125 0.8914763629807693 0.4040715144230769 0.8914763629807693 0.4015549879807692 0.8548177091346154 0.38623046875 0.83984375 0.408203125 0.842013889423077 0.41003418028846156 0.840625 0.41064453125 0.844184028846154 0.41186523557692306
3 0.6790364591346154 0.474609375 0.6881510408653846 0.4853515625 0.6959635408653846 0.4912109375 0.7115885408653846 0.455078125 0.701171875 0.455078125 0.681640625 0.45068359375 0.6770833341346154 0.4580078125 0.68359375 0.46337890625 0.6790364591346154 0.474609375
3 0.7545572908653846 0.572265625 0.7552083341346154 0.58154296875 0.7649739591346154 0.6044921875 0.7805989591346154 0.60693359375 0.7643229158653846 0.5712890625 0.7545572908653846 0.572265625
3 0.7858072908653846 0.96875 0.7864583341346154 0.99755859375 0.79296875 0.99755859375 0.79296875 0.96875 0.7858072908653846 0.96875
3 0.6790364591346154 0.998046875 0.6907552091346154 0.9990234375 0.6935329855769231 0.9976888028846154 0.6941034230769231 0.9979771201923077 0.6963107644230769 0.9963541658653846 0.6974516370192307 0.9969308028846153 0.6990885408653846 0.9950195312500001 0.7007998509615384 0.9958844879807691 0.7018663197115385 0.9936848966346153 0.7041480649038461 0.9948381682692309 0.704644096153846 0.9923502596153846 0.7074218750000001 0.991015625 0.7074962788461538 0.9937918533653847 0.7141927091346154 0.99169921875 0.7125651033653846 0.9895019519230769 0.7129774302884615 0.9883463533653847 0.7296440961538462 0.9803385408653846 0.7552083341346154 0.9775390625 0.751953125 0.9716796875 0.7109375 0.9873046875 0.7101996538461539 0.9896809903846153 0.7077473966346154 0.9883789062499999 0.6790364591346154 0.998046875
4 0.10091145913461538 0.93896484375 0.08072916586538462 0.93798828125 0.0625 0.94384765625 0.0625 0.94873046875 0.08268229086538462 0.94189453125 0.08528645913461538 0.94970703125 0.078125 0.96044921875 0.0703125 0.96240234375 0.08138020913461538 0.9658203125 0.10611979086538462 0.9658203125 0.12760416586538462 0.95654296875 0.12565104086538462 0.9482421875 0.10091145913461538 0.93896484375
3 0.37825520913461536 0.4384765625 0.390625 0.43408203125 0.39095052163461536 0.4306640625 0.39824848798076923 0.4257182451923077 0.470703125 0.40869140625 0.51171875 0.39453125 0.5104166658653846 0.388671875 0.47135416586538464 0.400390625 0.39573838942307693 0.4240417475961538 0.39509828605769226 0.42645854326923077 0.39271375961538457 0.4249877932692308 0.39194808413461535 0.4271988413461539 0.39127604086538464 0.42724609375 0.3896891274038462 0.4259338389423077 0.38879788221153844 0.4279391370192308 0.3876302091346154 0.428125 0.38666449759615384 0.42687988221153844 0.3856476826923077 0.42867943509615386 0.38398437500000004 0.42900390624999996 0.3836398653846154 0.4278259278846154 0.3824974807692308 0.4294197331730769 0.38061523557692306 0.42877197355769237 0.3803385408653846 0.42988281250000004 0.3793472788461539 0.43016003125 0.3775906033653846 0.4297180168269231 0.3766927091346154 0.43076171875 0.37456597115384616 0.4306640625 0.373046875 0.431640625 0.3715413413461538 0.4316101081730769 0.35641818509615386 0.4363403317307692 0.35677083413461536 0.43798828125 0.35339355528846156 0.4372863774038462 0.3533709495192308 0.4388563365384615 0.350368923076923 0.43823242307692306 0.34997106490384616 0.439724391826923 0.3473442932692308 0.4391784663461538 0.3465711802884615 0.44059244711538464 0.3443196610576923 0.4401245120192308 0.3431712956730769 0.44146050240384616 0.34129503125 0.4410705576923077 0.3397714110576923 0.44232856009615384 0.3382703990384615 0.44201660096153844 0.33637152884615384 0.44319661538461536 0.33524576923076926 0.4429626466346154 0.3329716442307692 0.444064670673077 0.3322211370192308 0.44390869230769237 0.32919650480769236 0.4448547355769231 0.326171875 0.44580078125 0.326171875 0.4541015625 0.36067708413461536 0.443359375 0.37825520913461536 0.4384765625
2 0.203125 0.2080078125 0.216796875 0.1953125 0.21419270913461538 0.15966796875 0.21484375 0.1357421875 0.20638020913461538 0.11474609375 0.18684895913461538 0.099609375 0.177734375 0.11083984375 0.18229166586538462 0.12451171875 0.18098958413461538 0.1357421875 0.17317708413461538 0.1396484375 0.15559895913461538 0.12548828125 0.14518229086538462 0.1396484375 0.134765625 0.154296875 0.13802083413461538 0.1650390625 0.14322916586538462 0.17138671875 0.12890625 0.1728515625 0.10807291586538462 0.16796875 0.09830729086538462 0.1640625 0.080078125 0.1669921875 0.06510416586538462 0.171875 0.0859375 0.19140625 0.11263020913461538 0.19091796875 0.12955729086538462 0.1923828125 0.16666666586538462 0.21044921875 0.181640625 0.216796875 0.18815104086538462 0.2080078125 0.203125 0.2080078125
3 0.36783854086538464 0.31591796875 0.36263020913461536 0.30810546875 0.34700520913461536 0.30859375 0.328125 0.30029296875 0.31901041586538464 0.31591796875 0.33854166586538464 0.32763671875 0.35221354086538464 0.3154296875 0.36783854086538464 0.31591796875
4 0.33984375 0.630859375 0.310546875 0.63818359375 0.32096354086538464 0.64453125 0.34114583413461536 0.6416015625 0.33984375 0.630859375
4 0.36393229086538464 0.61767578125 0.36067708413461536 0.64794921875 0.37369791586538464 0.64794921875 0.37890625 0.61962890625 0.36393229086538464 0.61767578125
4 0.1171875 0.7529296875 0.10286458413461538 0.77490234375 0.115234375 0.77880859375 0.1328125 0.75732421875 0.1171875 0.7529296875
4 0.8326822908653846 0.8349609375 0.8216145841346154 0.85693359375 0.8313802091346154 0.8603515625 0.8444010408653846 0.837890625 0.8326822908653846 0.8349609375
4 0.439453125 0.62451171875 0.46223958413461536 0.6455078125 0.46744791586538464 0.6396484375 0.45182291586538464 0.61865234375 0.439453125 0.62451171875
4 0.681640625 0.41552734375 0.685546875 0.4345703125 0.6966145841346154 0.43359375 0.6946614591346154 0.4150390625 0.681640625 0.41552734375
4 0.7884114591346154 0.39990234375 0.77734375 0.408203125 0.7584635408653846 0.41552734375 0.775390625 0.41796875 0.7955729158653846 0.4091796875 0.7884114591346154 0.39990234375