2 0.2449596778846154 0.29485887019230766 0.25168010817307696 0.29485887019230766 0.2607526875 0.2961189519230769 0.2684811826923077 0.2938508052884615 0.28125 0.2905745961538461 0.28662634375 0.29007056490384614 0.28729838701923077 0.28729838701923077 0.3104838701923077 0.2845262091346154 0.32862903125 0.28150201682692305 0.32090053846153843 0.2648689519230769 0.2956989254807692 0.2689012091346154 0.2543682788461539 0.27318548317307695 0.19993279567307692 0.27721774278846156 0.1982526875 0.2935987908653846 0.21774193509615386 0.29460685576923074 0.24159946153846154 0.29284274278846156 0.2449596778846154 0.29485887019230766
2 0.3642473125 0.4390120961538461 0.3702956995192308 0.3460181442307692 0.37130376442307694 0.2857862908653846 0.3773521514423077 0.24017137019230766 0.36693548317307695 0.23261088701923077 0.3625672043269231 0.23387096875 0.3514784951923077 0.23311491826923078 0.3528225817307692 0.2709173389423077 0.35215053846153843 0.30040322596153846 0.34912634375 0.3077116947115384 0.3467741947115384 0.31350806490384614 0.33736559134615385 0.30821572596153846 0.3346774182692308 0.33543346875 0.3329973125 0.39238911298076923 0.3168682788461539 0.4188508052884616 0.32123656009615387 0.4395161298076923 0.33736559134615385 0.4140625 0.3266129038461539 0.44178427403846154 0.34038978605769227 0.4735383052884616 0.3461021514423077 0.4674899182692308 0.34778225721153844 0.4742943557692308 0.3642473125 0.4390120961538461
3 0.5110887091346153 0.4508568557692308 0.5208333341346154 0.4518649182692308 0.5477150528846153 0.4367439519230769 0.5527553774038462 0.4309475817307692 0.550067204326923 0.4241431442307692 0.5409946225961538 0.42288306490384614 0.5100806442307693 0.43724798317307695 0.50537634375 0.44556451682692305 0.5070564519230769 0.4501008052884616 0.5110887091346153 0.4508568557692308
4 0.5127688173076923 0.44959677403846154 0.5134408605769231 0.44581653125 0.5084005384615384 0.4445564519230769 0.5057123653846154 0.4475806442307692 0.5067204302884616 0.4508568557692308 0.5127688173076923 0.44959677403846154
4 0.4761424735576923 0.29133064423076926 0.4714381730769231 0.29259072596153846 0.47278225721153844 0.29662298317307695 0.48084677403846154 0.29637096875 0.48084677403846154 0.29259072596153846 0.4761424735576923 0.29133064423076926
4 0.49428763461538466 0.24168346875 0.49361559134615385 0.24521169471153847 0.5020161298076923 0.24521169471153847 0.502688173076923 0.24243951682692308 0.49428763461538466 0.24168346875
3 0.48958333413461536 0.2663810480769231 0.4875672043269231 0.2709173389423077 0.4885752692307692 0.2878024182692308 0.4929435480769231 0.28956653125 0.5 0.2898185480769231 0.5073924735576922 0.28855846875 0.5080645168269231 0.2746975817307692 0.5080645168269231 0.26764112980769234 0.5063844086538462 0.26512096875 0.5073924735576922 0.2610887091346154 0.5013440865384615 0.24747983894230768 0.5023521514423077 0.24294354807692306 0.49462365625 0.24294354807692306 0.4926075264423077 0.2472278221153846 0.49059139903846155 0.2525201610576923 0.4872311826923077 0.2585685480769231 0.48823924759615384 0.26335685576923074 0.48958333413461536 0.2663810480769231
3 0.5356182788461539 0.29107862980769234 0.5389784951923077 0.2749495961538461 0.5413306442307693 0.26663306490384614 0.5349462355769231 0.2648689519230769 0.5292338701923077 0.2671370961538461 0.518817204326923 0.26512096875 0.5147849471153847 0.2668850817307692 0.5154569903846153 0.2701612908653846 0.5178091394230769 0.29133064423076926 0.5231854831730769 0.2920866947115385 0.5292338701923077 0.2923387091346154 0.5356182788461539 0.29107862980769234
3 0.5483870961538462 0.25882056490384614 0.5530913990384616 0.25403225721153844 0.5456989254807693 0.25403225721153844 0.529569891826923 0.2515120961538461 0.5268817211538461 0.25403225721153844 0.5184811826923077 0.25756048317307695 0.5110887091346153 0.25982862980769234 0.518817204326923 0.26461693509615386 0.5275537644230769 0.2663810480769231 0.5332661298076923 0.2643649182692308 0.5483870961538462 0.25882056490384614
3 0.3642473125 0.07686491826923077 0.3578629038461539 0.08316532211538462 0.34744623557692306 0.10181451682692308 0.3467741947115384 0.11567540384615384 0.35685483894230774 0.12373991826923077 0.37432795673076924 0.13533266105769232 0.3746639783653846 0.07762096875 0.36962365625 0.078125 0.3642473125 0.07686491826923077
4 0.64012096875 0.6743951610576923 0.6582661298076923 0.6781754038461538 0.6592741947115385 0.6754032259615385 0.6407930096153845 0.6708669350961538 0.64012096875 0.6743951610576923