2 0.5097285985576924 0.7246884182692307 0.5083781514423077 0.7327623677884615 0.5043745144230769 0.7361545288461537 0.5005103293269231 0.7432784014423077 0.49753053846153844 0.7519628701923077 0.4953608341346154 0.7591140096153846 0.4920370072115385 0.759697264423077 0.48867556971153847 0.7670111538461538 0.48992968990384617 0.8171517572115385 0.49315993990384616 0.8251174855769231 0.497424125 0.8242764759615385 0.5164377211538461 0.7903804519230769 0.5217174903846155 0.7758204182692308 0.5157505649038462 0.7576228365384616 0.5151927716346154 0.7426959855769231 0.51409553125 0.7177545600961538 0.5097285985576924 0.7246884182692307
4 0.3849635985576923 0.6720146778846154 0.3781856730769231 0.6719056177884616 0.3770774254807692 0.6776184326923077 0.3821608701923077 0.6777002283653846 0.3849635985576923 0.6720146778846154
4 0.35474092067307694 0.6955425216346154 0.3582418076923077 0.6919603461538462 0.35206938221153844 0.6859484543269231 0.35474092067307694 0.6955425216346154
4 0.26975723557692305 0.6750729278846154 0.25772798317307694 0.6803371298076922 0.2543105793269231 0.6894693701923077 0.26565085096153845 0.6845579326923077 0.26975723557692305 0.6750729278846154
4 0.07275248557692307 0.6367914230769232 0.05903883894230769 0.6279293100961538 0.05586363701923077 0.6347004182692307 0.06801307692307693 0.64481084375 0.07275248557692307 0.6367914230769232
4 0.057567293269230775 0.6371838245192307 0.04382520913461538 0.637508483173077 0.03941148557692308 0.6487168341346153 0.05491318990384615 0.6490572283653846 0.057567293269230775 0.6371838245192307
4 0.05747371634615384 0.6457328076923077 0.040733492788461535 0.64982965625 0.039373872596153846 0.6554474663461539 0.051942574519230775 0.6601978365384615 0.05747371634615384 0.6457328076923077
4 0.038816074519230775 0.6405206153846154 0.03348217548076923 0.6237886201923076 0.0266015 0.62977240625 0.030595045673076922 0.6404792956730769 0.035380326923076924 0.644740576923077 0.038816074519230775 0.6405206153846154
4 0.08811107692307692 0.6996208629807692 0.09169544951923078 0.7015887548076923 0.09931281490384616 0.6744225240384616 0.08811107692307692 0.6996208629807692
4 0.16916726923076922 0.6934661634615384 0.15982881490384615 0.6966815240384616 0.15545270673076922 0.7011592403846154 0.15723067067307694 0.7067365721153845 0.16825443509615384 0.7010923389423076 0.16916726923076922 0.6934661634615384
4 0.15029495192307693 0.6979835192307693 0.15040779326923076 0.677791625 0.14396472836538463 0.6833276370192307 0.1459748028846154 0.7006428870192308 0.15029495192307693 0.6979835192307693
4 0.2869800288461538 0.6993641947115384 0.2771571778846154 0.7073018173076923 0.2732462019230769 0.7187001826923077 0.28431675240384613 0.7087814591346154 0.2869800288461538 0.6993641947115384
4 0.8445808028846155 0.7899298100961538 0.8471881201923076 0.7823308966346154 0.8440973221153846 0.7780968846153846 0.8420578894230769 0.7865235961538463 0.84026065625 0.7925891754807692 0.8445808028846155 0.7899298100961538
4 0.2639921514423077 0.7109104134615385 0.2606031923076923 0.7108558846153846 0.25442067548076924 0.718943045673077 0.2490097139423077 0.7487826971153846 0.25562984134615385 0.7402477644230768 0.26438206009615384 0.7312923269230769 0.27406546153846156 0.7196229903846153 0.27464343750000003 0.7063517427884616 0.26940128125 0.7141811442307693 0.2639921514423077 0.7109104134615385