1 0.5400219302884616 0.6962499999999999 0.5438596490384615 0.6905 0.5389254375 0.6695 0.5263157884615385 0.6645000000000001 0.47752193028846157 0.6689999999999999 0.4665570168269231 0.6747500000000001 0.46600877163461535 0.69025 0.46710526201923075 0.7055 0.48848684134615383 0.713 0.5433114038461538 0.70275 0.5400219302884616 0.6962499999999999
4 0.4248903509615385 0.6214999999999999 0.39747806971153843 0.6204999999999999 0.3985745625 0.62425 0.4265350865384615 0.6244999999999999 0.4248903509615385 0.6214999999999999
4 0.6195175432692307 0.6799999999999999 0.5942982451923077 0.6859999999999999 0.6003289471153846 0.6905 0.6233552620192307 0.68475 0.6195175432692307 0.6799999999999999
4 0.47313596394230767 0.79125 0.4375 0.79325 0.43914473798076925 0.79825 0.47313596394230767 0.79675 0.47313596394230767 0.79125
3 0.44572368509615384 0.5615 0.45230263221153844 0.5655 0.46052631490384616 0.56525 0.4561403509615385 0.56 0.44572368509615384 0.5615
1 0.37225877163461535 0.46599999999999997 0.3782894735576923 0.4635 0.37774122836538465 0.4605 0.3700657884615385 0.45849999999999996 0.36348684134615383 0.45849999999999996 0.3574561394230769 0.462 0.36293859615384616 0.46499999999999997 0.37225877163461535 0.46599999999999997
4 0.4002192980769231 0.261 0.40789473798076925 0.26525 0.4117324567307692 0.263 0.4002192980769231 0.261
4 0.40350877163461535 0.892 0.4013157884615385 0.9027499999999999 0.4117324567307692 0.9067500000000001 0.4117324567307692 0.89125 0.40350877163461535 0.892
4 0.931469298076923 0.8670000000000001 0.9210526322115384 0.87875 0.9325657884615384 0.8822500000000001 0.9424342115384616 0.86575 0.9380482451923077 0.86275 0.931469298076923 0.8670000000000001
4 0.7620614038461538 0.9452499999999999 0.7735745625000001 0.9597499999999999 0.7828947379807693 0.95675 0.7763157884615384 0.94325 0.7620614038461538 0.9452499999999999
4 0.1803728076923077 0.62425 0.1529605264423077 0.627 0.15241228125 0.63075 0.1798245625 0.62975 0.1803728076923077 0.62425
4 0.33333333413461536 0.381 0.3223684206730769 0.381 0.3251096490384615 0.38975 0.3360745625 0.38925 0.33333333413461536 0.381
4 0.66008771875 0.361 0.6485745625000001 0.3675 0.6529605264423076 0.36925 0.6633771923076923 0.36350000000000005 0.66008771875 0.361
4 0.8601973677884616 0.801 0.8601973677884616 0.81125 0.8793859639423077 0.81125 0.8766447379807693 0.7995 0.8601973677884616 0.801