1 0.5069235 0.5829369759615385 0.5138945600961539 0.5831014182692308 0.5193859254807692 0.5674936802884616 0.5195777956730769 0.5449017115384616 0.5103138677884616 0.5363402355769231 0.5112806274038462 0.5259039519230769 0.5094689014423077 0.515645360576923 0.5127081514423076 0.5062842716346154 0.5097194278846154 0.4808444014423077 0.5045983774038462 0.4714077139423077 0.49510182932692304 0.4707945192307692 0.49357937500000004 0.4812663389423077 0.49140181490384616 0.4893390096153846 0.4918198221153846 0.5063996153846154 0.4927980024038462 0.5167115120192307 0.5018272980769231 0.5741089591346153 0.5069235 0.5829369759615385
1 0.504049625 0.4989046009615385 0.5070403557692308 0.48345678365384614 0.5017408605769231 0.47647255528846155 0.49938038461538464 0.49371085576923074 0.5013208461538462 0.5002996370192307 0.504049625 0.4989046009615385
2 0.5870636057692308 0.5875759855769231 0.582920735576923 0.5884511971153846 0.5783916514423078 0.6003358221153846 0.5757284735576923 0.6169832139423076 0.5693334855769231 0.6241050769230768 0.5693041562500001 0.6302095721153846 0.5786381634615385 0.6473102379807693 0.5935674158653846 0.6445246826923078 0.5953180168269231 0.6328177475961538 0.5903754038461538 0.6209285985576922 0.5943736418269231 0.6096881850961539 0.5870636057692308 0.5875759855769231
4 0.5383481418269231 0.6907744567307692 0.5424885456730769 0.6557247259615384 0.5387274086538462 0.6523036899038461 0.53484 0.6867269759615385 0.5383481418269231 0.6907744567307692
4 0.5146983173076923 0.5140904014423077 0.5125048581730769 0.5081280600961539 0.5102775937499999 0.5149833822115385 0.5188774615384616 0.5345720456730769 0.5196657788461538 0.5265882235576923 0.5146983173076923 0.5140904014423077
4 0.5121390240384616 0.5264593173076924 0.5116782596153846 0.5356427163461539 0.5189723942307692 0.5437199038461539 0.5191304615384615 0.5339456033653847 0.5121390240384616 0.5264593173076924
4 0.5190538942307692 0.5730072716346154 0.5224129254807692 0.5734027163461538 0.5213149663461538 0.5533342836538462 0.5190538942307692 0.5730072716346154
4 0.45585467067307694 0.3896985841346154 0.45219741586538464 0.3819990673076923 0.4490620504807692 0.3870816778846154 0.4559948317307692 0.40677695913461537 0.4589269014423077 0.40353813221153845 0.45585467067307694 0.3896985841346154
4 0.49037347115384616 0.4027475600961538 0.4835515216346154 0.40623515384615383 0.4805901201923077 0.4155784759615385 0.4915052379807693 0.4099983221153846 0.49037347115384616 0.4027475600961538
2 0.4855302620192308 0.3932931033653846 0.4765779927884616 0.3718961899038461 0.4718749447115385 0.3795201105769231 0.47002046153846155 0.3955055240384615 0.47574691586538465 0.40612401682692306 0.47905624278846154 0.4053021153846154 0.4815772548076923 0.41246403125 0.4855302620192308 0.3932931033653846
2 0.4833791057692308 0.28602454807692307 0.47292923076923077 0.27570813221153845 0.4707292860576923 0.3173466466346154 0.4802009807692308 0.31735116586538464 0.4833791057692308 0.28602454807692307
4 0.4362373485576923 0.2640186514423077 0.42548029567307694 0.2598245 0.4242108389423077 0.2696698774038462 0.4364068365384615 0.27499253125 0.4362373485576923 0.2640186514423077
4 0.44035336057692304 0.30342245673076923 0.4315278197115384 0.3192434254807692 0.43349313221153846 0.3264408846153846 0.44299863221153846 0.31362773798076926 0.44035336057692304 0.30342245673076923
4 0.36257281009615383 0.13142073798076923 0.35240772836538464 0.1485479014423077 0.3551568846153846 0.15447470432692306 0.3650441201923077 0.1373653125 0.36257281009615383 0.13142073798076923
4 0.3280446033653846 0.056735891826923075 0.3171091081730769 0.05499419951923076 0.3170007451923077 0.06598584855769231 0.3291221899038461 0.06948248317307693 0.3280446033653846 0.056735891826923075
4 0.41820159615384617 0.1907201153846154 0.41059334134615383 0.16130384134615383 0.40796396874999996 0.16513356971153847 0.4161527764423077 0.19512297596153846 0.41820159615384617 0.1907201153846154
3 0.36488559375 0.07207740625 0.34809938701923077 0.05667385817307692 0.338428875 0.05179995673076923 0.3251055841346154 0.03251336778846154 0.32085882692307693 0.03766705528846154 0.33370097596153847 0.05881519951923077 0.3445440048076923 0.08558355048076922 0.3742921466346154 0.13189177884615383 0.41471830528846154 0.18728131009615384 0.42301300721153845 0.17210454807692305 0.3815341081730769 0.10457710576923077 0.36488559375 0.07207740625