0 0.8287110384615384 0.6379257644230769 0.7966428076923078 0.6250677716346154 0.7918038701923076 0.6319820793269231 0.7904159879807692 0.6402091923076922 0.7695657427884615 0.6444217331730768 0.7716366129807692 0.6623430961538461 0.779338985576923 0.6711098557692308 0.7993018870192308 0.6714550721153846 0.8119000576923077 0.6719170504807692 0.8206526706730769 0.6635731778846155 0.8268036658653847 0.6502857259615384 0.8287110384615384 0.6379257644230769
0 0.8119160168269232 0.45728257692307694 0.8190343293269231 0.46319121634615384 0.8237216225961539 0.45998484855769234 0.8215447235576924 0.4532258822115385 0.821188125 0.44480585576923076 0.8144832764423077 0.4459267620192308 0.8119160168269232 0.45728257692307694
0 0.8712923725961539 0.7022298798076924 0.8734882259615385 0.7085253557692308 0.8788164423076924 0.706786625 0.8847778870192309 0.6981340961538461 0.8796771346153847 0.6943109182692309 0.8716335649038461 0.6938870192307692 0.8712923725961539 0.7022298798076924
0 0.7036314374999999 0.3284453822115384 0.7044731706730769 0.3164331682692308 0.6852915841346154 0.32269258653846156 0.7036314374999999 0.3284453822115384
0 0.7047130841346154 0.38769471875 0.7076292379807693 0.37637748798076925 0.6957478149038461 0.37552918509615385 0.7047130841346154 0.38769471875
0 0.6594644134615385 0.5000192235576922 0.6680920384615384 0.5033012403846153 0.6741938701923077 0.4997857067307692 0.6759116923076923 0.4920606706730769 0.6680197716346155 0.48792883173076923 0.6609849807692308 0.48854766346153844 0.6594644134615385 0.5000192235576922
0 0.652543954326923 0.5406912980769231 0.6447580576923078 0.5253970649038462 0.6298503004807692 0.5214205697115385 0.6099898798076923 0.5271393317307692 0.6100734014423077 0.5336668052884616 0.6257926826923076 0.5349395120192308 0.6308176177884615 0.5406166610576923 0.652543954326923 0.5406912980769231
0 0.6412916057692308 0.5073213725961538 0.6456868653846153 0.5026859447115385 0.6389174495192307 0.4968158870192308 0.6412916057692308 0.5073213725961538
0 0.7695829038461538 0.5154556514423076 0.7724007283653846 0.5236822596153846 0.7773990072115384 0.5214414591346154 0.7754306129807692 0.509584076923077 0.7757338966346154 0.5021681995192308 0.7702161274038463 0.5085418485576922 0.7695829038461538 0.5154556514423076
0 0.6905742307692309 0.5877309567307692 0.6831413822115385 0.598083125 0.6874685240384615 0.6036831081730769 0.6913442908653846 0.60318053125 0.6905742307692309 0.5877309567307692
0 0.66702759375 0.5893173774038462 0.6626702403846154 0.5930258221153847 0.6707594206730769 0.6009041778846154 0.6711953918269231 0.5902438581730769 0.66702759375 0.5893173774038462
0 0.5142732596153846 0.4080725408653846 0.5084634591346154 0.4130171346153846 0.5106593125 0.4193126057692308 0.5102802091346154 0.4285824519230769 0.5150699807692308 0.4314400649038461 0.5222753653846154 0.4266498028846154 0.5236253365384615 0.4193496730769231 0.5142732596153846 0.4080725408653846
0 0.5748674543269231 0.4175668052884615 0.5679730552884615 0.4233226298076923 0.5802679423076923 0.4312004831730769 0.5828808149038461 0.4272991298076923 0.5748674543269231 0.4175668052884615
0 0.4928170456730769 0.4699510264423077 0.5036973942307692 0.47813804326923076 0.5138076778846153 0.4708754879807693 0.51340546875 0.45500100240384617 0.509078326923077 0.4494010216346154 0.501816076923077 0.4555817596153846 0.4928170456730769 0.4699510264423077
0 0.2440268485576923 0.3916897548076923 0.23904752884615382 0.3934670625 0.23048801923076923 0.3799496346153846 0.23278220192307691 0.3667012716346154 0.22508753125 0.3663159543269231 0.21091547596153845 0.36148963942307694 0.2072180096153846 0.36620223076923075 0.19823023317307692 0.37172656490384615 0.19765387259615386 0.37724988942307697 0.20652436538461538 0.39173288701923076 0.21757886298076923 0.37852209375 0.22217137740384615 0.37763318509615384 0.20857983173076924 0.3928913629807692 0.1791552764423077 0.4096577860576923 0.1809264110576923 0.4177686466346154 0.16608737259615386 0.44639093750000003 0.16388796634615385 0.45732183894230766 0.18175749038461536 0.4574355625 0.19323315144230768 0.45963576201923073 0.20208824278846155 0.45735587019230767 0.20951753846153845 0.46423007932692306 0.2163550721153846 0.4598647259615385 0.22035582692307693 0.4477362572115385 0.2343116706730769 0.4492795480769231 0.24847602403846156 0.44572442307692306 0.26063052163461536 0.4484652764423077 0.28036535817307695 0.41153820673076924 0.2687872211538461 0.4032740264423077 0.2636675120192308 0.39991434134615383 0.2638114495192308 0.3878249591346154 0.25640110817307693 0.3804872572115385 0.2440268485576923 0.3916897548076923
0 0.2700880697115385 0.6799773725961539 0.2735503774038462 0.6724452451923076 0.2776079951923077 0.6589263004807692 0.2850864543269231 0.6560285865384615 0.2993722403846154 0.6580739519230769 0.3014046033653846 0.6340881033653846 0.29397530528846155 0.6272138942307692 0.28684573798076923 0.6301501850961538 0.2841683028846154 0.6270605769230768 0.27943539663461536 0.6228124879807692 0.2734093870192308 0.6244740504807692 0.27607912259615386 0.61918221875 0.28202161057692304 0.6109931826923077 0.2936033028846154 0.6020309831730769 0.28886269471153847 0.589401454326923 0.2854228990384616 0.5792437139423077 0.2826808918269231 0.5691631370192307 0.2701775 0.5663836995192308 0.2620770673076923 0.5673502764423077 0.25825461298076924 0.5836887548076923 0.25722332932692304 0.6003358942307693 0.2635076081730769 0.6266381947115385 0.2540951153846154 0.6339779182692307 0.24478094951923077 0.621773798076923 0.23521266346153846 0.6072136418269231 0.22027824999999998 0.5953191947115385 0.21242423557692308 0.5902603725961538 0.2058218653846154 0.5974452596153846 0.20102854326923078 0.6118140240384615 0.20197690624999998 0.6314736081730769 0.20334583173076923 0.6237099879807692 0.21570884134615384 0.6213524302884615 0.2245793341346154 0.6358354254807692 0.22688536778846155 0.6565763221153845 0.23269161538461539 0.668858108173077 0.24390190384615387 0.6775471947115383 0.25216168028846153 0.6812541225961539 0.2700880697115385 0.6799773725961539
0 0.17932527403846155 0.36265215865384615 0.1836524158653846 0.36825214423076924 0.18021261778846157 0.3580944014423077 0.17184681009615385 0.3655498701923077 0.16561229326923074 0.37230984855769234 0.17004191346153846 0.38397381249999996 0.17573798317307693 0.38181017548076923 0.17853685336538463 0.39050027644230767 0.18727821153846153 0.39100133653846153 0.1865271081730769 0.3750882740384615 0.17642037259615384 0.3651244543269231 0.17932527403846155 0.36265215865384615
0 0.17428553365384614 0.38304632211538464 0.16248408173076923 0.4059518701923077 0.16665958173076925 0.4152597908653846 0.1755146730769231 0.41297990384615385 0.18184396634615385 0.40390246153846154 0.17428553365384614 0.38304632211538464
0 0.3445557451923077 0.49592428846153847 0.34285687499999995 0.5031858341346154 0.3491067980769231 0.5131887403846154 0.3528344735576923 0.49916771875 0.3445557451923077 0.49592428846153847
0 0.3531312548076923 0.5690387956730769 0.337241375 0.5719375192307692 0.3451220480769231 0.5849142908653846 0.3503098774038461 0.5780385649038462 0.3531312548076923 0.5690387956730769
0 0.39929153125 0.2887376971153846 0.39144522115384617 0.29206031971153845 0.40056213221153847 0.3005179158653846 0.4049573918269231 0.2958824879807692 0.39929153125 0.2887376971153846
0 0.5660793269230769 0.5981744447115385 0.5580547163461538 0.5972870528846154 0.5571294615384615 0.6027717932692307 0.5651351177884615 0.6041226802884615 0.5700386177884615 0.6041993365384616 0.5660793269230769 0.5981744447115385
0 0.9820932091346154 0.42674903124999997 0.9733139375 0.4271749519230769 0.9771026322115385 0.43737127884615384 0.9883810408653846 0.4358249543269231 0.9820932091346154 0.42674903124999997
0 0.6472305408653847 0.5163587139423077 0.6421374879807692 0.5209169783653846 0.6443143870192307 0.5276759447115384 0.6563207956730769 0.5168983581730769 0.6472305408653847 0.5163587139423077
4 0.7179438389423077 0.06417713942307693 0.7110986033653847 0.06016105288461538 0.7083720024038461 0.06684335817307693 0.7045608028846153 0.07433690384615385 0.7037190673076924 0.08634912019230769 0.7088008677884615 0.09063579086538462 0.7133175649038462 0.09160085336538462 0.7195976947115384 0.09229533173076923 0.724125639423077 0.08441545913461537 0.7211674278846154 0.07105185576923077 0.7179438389423077 0.06417713942307693
4 0.41522411057692304 0.6275855625000001 0.4000320264423077 0.6305614495192308 0.3986820552884615 0.6378615793269231 0.42021113701923074 0.6341896971153846 0.42045755528846157 0.628164295673077 0.41522411057692304 0.6275855625000001
0 0.8511961033653846 0.11383179807692308 0.8409187716346154 0.10803941105769231 0.8487236201923077 0.12287014903846154 0.8558608870192308 0.12831530048076922 0.8596987451923077 0.12873970432692308 0.8511961033653846 0.11383179807692308