3 0.1983607091346154 0.9088956706730769 0.19976952403846154 0.9096537908653846 0.20254404326923078 0.914765778846154 0.21059020673076922 0.9184569783653846 0.21931117067307693 0.9180408341346153 0.2483914591346154 0.9030349879807692 0.25022054086538464 0.8965684759615384 0.2506906826923077 0.8817070168269231 0.24895459615384616 0.8769409543269231 0.244807625 0.8715161730769231 0.23564354807692306 0.8706294687499999 0.23093086298076923 0.8706480144230769 0.22476623557692307 0.8735041850961539 0.21759953846153846 0.8764597572115385 0.20318666346153844 0.8855213245192307 0.20173472596153846 0.888358954326923 0.20046460336538463 0.89342321875 0.19923759615384615 0.8948917355769231 0.1968267091346154 0.8942330120192307 0.1949316610576923 0.895767795673077 0.1958178846153846 0.8983734903846153 0.19781526682692308 0.9022157668269231 0.19803344230769232 0.9048877259615384 0.1983607091346154 0.9088956706730769
3 0.5365694567307693 0.7249540600961539 0.5373169855769231 0.7217373725961539 0.5367647860576923 0.7190985432692307 0.534019875 0.7184729591346154 0.5311227524038462 0.720107141826923 0.5284142067307692 0.7199268822115384 0.5240719038461539 0.7203576177884615 0.5212838725961538 0.72332778125 0.5194251875 0.7253078894230769 0.5159259879807693 0.7319400697115385 0.5124267908653846 0.73857225 0.5119338004807692 0.7449062259615384 0.5146355913461538 0.7491275625 0.5181576370192308 0.7510228629807691 0.5227248725961539 0.7492230120192308 0.5272625048076923 0.7429367596153846 0.530354954326923 0.7354470600961539 0.5343699879807692 0.7310083798076923 0.5370852932692307 0.7271475625 0.5365694567307693 0.7249540600961539
4 0.1639067403846154 0.6312806586538462 0.16540179807692307 0.6248472836538461 0.16198884134615385 0.6242879639423078 0.16108910336538462 0.6297644206730768 0.1639067403846154 0.6312806586538462
4 0.24542706009615384 0.65641534375 0.23977827163461538 0.6614650144230769 0.24125981730769233 0.6631137908653847 0.2463860096153846 0.6599116923076923 0.2475766514423077 0.6579978509615384 0.24542706009615384 0.65641534375
4 0.22439969230769233 0.6710713100961538 0.22120491346153845 0.6731839543269231 0.2213503629807692 0.6749652620192308 0.22988951442307692 0.6723224831730769 0.22981678605769232 0.6714318293269231 0.22439969230769233 0.6710713100961538
4 0.25704772355769234 0.6750157235576922 0.25386645673076924 0.6690462163461538 0.25126699519230766 0.6702019375 0.25437553846153843 0.6752807908653846 0.25704772355769234 0.6750157235576922
4 0.22062825961538463 0.7073601418269231 0.22470926201923075 0.7078531899038462 0.22804949278846154 0.7075218557692308 0.22924013701923077 0.705608014423077 0.22167344711538461 0.7036649903846153 0.22062825961538463 0.7073601418269231
4 0.2242188485576923 0.7348378774038462 0.23283072596153845 0.7330857524038461 0.23402136778846155 0.7311719086538461 0.2240006682692308 0.7321659134615385 0.2242188485576923 0.7348378774038462
4 0.28049370673076923 0.7229705985576923 0.2883648125 0.7203940865384616 0.28888740865384616 0.7185465096153846 0.28034825721153844 0.7211892908653846 0.28049370673076923 0.7229705985576923
4 0.21465317307692308 0.7743950721153846 0.2084953076923077 0.7732101682692308 0.2072319375 0.7742333557692308 0.21346253365384615 0.7763089134615384 0.21465317307692308 0.7743950721153846
4 0.35683698798076924 0.6929510072115386 0.35699595432692305 0.6866501610576923 0.35313312740384617 0.6888290697115385 0.3535694807692308 0.6941729951923077 0.35683698798076924 0.6929510072115386
4 0.3584910144230769 0.6802167812500001 0.3711838942307692 0.6789577067307693 0.3709657163461539 0.6762857475961539 0.3661439423076923 0.6749683052884615 0.3583455625 0.6784354759615384 0.3584910144230769 0.6802167812500001
4 0.4414471826923077 0.6899452788461539 0.44946374038461534 0.6891500745192308 0.44998633413461536 0.6873024975961539 0.44182432692307694 0.6863163966346153 0.4414471826923077 0.6899452788461539
4 0.515969108173077 0.7283443197115385 0.5149374326923077 0.7239573197115384 0.5123379735576923 0.7251130408653845 0.513442375 0.7303906971153846 0.515969108173077 0.7283443197115385
4 0.42269297836538466 0.76543078125 0.41839379807692306 0.7622657692307692 0.41720315625 0.7641796129807693 0.42076156490384614 0.7665202379807692 0.42269297836538466 0.76543078125
4 0.5672123774038462 0.6631040721153846 0.5752289326923077 0.6623088677884615 0.5749380288461539 0.6587462524038461 0.5676622451923077 0.6603658437500001 0.5672123774038462 0.6631040721153846
4 0.57836965625 0.6925248341346154 0.5834231225961538 0.6884320841346153 0.5818688533653846 0.68589265625 0.5762200673076923 0.690942329326923 0.57836965625 0.6925248341346154
4 0.4124656778846154 0.6236842716346154 0.4087618173076923 0.6195623389423077 0.40690312740384615 0.6215424471153846 0.41053426682692307 0.6247737283653846 0.4124656778846154 0.6236842716346154
4 0.4179555 0.6249354447115384 0.41417891586538463 0.6199228557692307 0.4116521778846154 0.6219692307692307 0.41609681249999997 0.6269155528846154 0.4179555 0.6249354447115384
4 0.5327680769230769 0.5794275913461538 0.5381124495192308 0.5788974543269231 0.5393758173076922 0.577874266826923 0.5326226274038461 0.5776462836538461 0.5327680769230769 0.5794275913461538
4 0.6005754182692308 0.4613657884615385 0.5935313269230769 0.45757518990384616 0.5938949567307692 0.4620284591346154 0.5987167307692307 0.4633458990384615 0.6005754182692308 0.4613657884615385
4 0.8956877860576923 0.39707517548076926 0.9051994014423077 0.38984659375 0.9036451322115385 0.3873071658653846 0.8948742860576923 0.39536013461538466 0.8956877860576923 0.39707517548076926
4 0.9054407235576923 0.11238144471153846 0.9082718725961538 0.10581553125 0.9015914110576924 0.10647820192307693 0.8994283052884615 0.1129778485576923 0.9054272091346154 0.12046359615384615 0.9085492620192308 0.11746029807692307 0.9054407235576923 0.11238144471153846
4 0.9356160793269231 0.08604362259615385 0.9244182572115385 0.0808693173076923 0.9215871057692309 0.08743523076923077 0.9347163413461538 0.09152007932692308 0.9356160793269231 0.08604362259615385
4 0.820135451923077 0.1316177451923077 0.8260886586538461 0.12204853605769231 0.8206715625 0.12168801682692307 0.81679521875 0.13194907932692307 0.820135451923077 0.1316177451923077
4 0.36321945432692304 0.5154378990384616 0.3735445673076923 0.5099243557692308 0.3719902956730769 0.5073849278846153 0.36359659615384615 0.5118090168269231 0.36321945432692304 0.5154378990384616
4 0.1710589471153846 0.5704140408653846 0.15964294951923078 0.5625677740384616 0.15933853125 0.5670873100961539 0.16920026201923077 0.5723941490384615 0.1710589471153846 0.5704140408653846
4 0.5588411466346154 0.03273325961538462 0.5679485889423077 0.04529786538461538 0.5708524663461538 0.039622605769230775 0.5638218894230769 0.027749855769230766 0.5598863341346154 0.029038110576923074 0.5588411466346154 0.03273325961538462
4 0.29625652884615383 0.8830232403846154 0.2886898389423077 0.8810802163461537 0.2881672451923077 0.8829277908653845 0.29432511298076924 0.8841126971153846 0.29625652884615383 0.8830232403846154