2 0.49598393509615385 0.4875753004807692 0.5642570288461538 0.4644201802884615 0.572623829326923 0.45726656730769233 0.5585676033653846 0.4459713846153846 0.48728246394230773 0.4695030120192308 0.4799196778846154 0.4759036153846154 0.49598393509615385 0.4875753004807692
4 0.852409639423077 0.14608433653846153 0.8055555552884616 0.14288403605769232 0.7714190096153846 0.1415662644230769 0.7282463197115384 0.14495481971153848 0.7389558221153846 0.1946536153846154 0.8406961177884615 0.1709337355769231 0.8681392235576924 0.16886295192307693 0.852409639423077 0.14608433653846153
3 0.4876171346153846 0.4919051201923077 0.4912985264423077 0.49096385576923074 0.4869477908653846 0.47891566346153847 0.4862784471153846 0.4760918677884615 0.48226238221153844 0.47835090384615386 0.4876171346153846 0.4919051201923077
3 0.7346050865384615 0.7125376514423076 0.7543507355769231 0.7170557235576923 0.7469879519230769 0.7396460841346154 0.7650602403846154 0.7464231923076923 0.7757697451923077 0.7379518076923077 0.8109103076923077 0.713855420673077 0.78447121875 0.6989834326923077 0.7663989278846154 0.6897590360576923 0.7356091033653847 0.6939006033653846 0.7265729591346154 0.7027484927884615 0.7346050865384615 0.7125376514423076
4 0.4554886201923077 0.8550451802884615 0.4006024086538461 0.8601280120192307 0.37148594471153845 0.8672816274038462 0.40461847355769226 0.86916415625 0.45615796634615385 0.8605045192307692 0.4554886201923077 0.8550451802884615
4 0.8179384206730769 0.883847891826923 0.7914993317307691 0.8812123485576924 0.7904953149038462 0.8849774086538461 0.817269076923077 0.8881777115384615 0.8179384206730769 0.883847891826923
4 0.9852744302884615 0.7776731923076923 0.9795850072115384 0.774472891826923 0.959839358173077 0.7836972884615385 0.970883533653846 0.7820030120192307 0.9802543509615386 0.7799322283653846 0.9852744302884615 0.7776731923076923
4 0.8390227572115384 0.5871611442307693 0.8246318605769231 0.5762424687500001 0.8189424375 0.5779367475961539 0.8329986610576923 0.5890436754807692 0.8390227572115384 0.5871611442307693
4 0.3684738966346154 0.68166415625 0.3443775096153846 0.6831701802884615 0.3437081658653846 0.688441264423077 0.36780455048076927 0.6869352403846154 0.3684738966346154 0.68166415625
4 0.8594377499999999 0.5062123485576924 0.8413654615384616 0.5120481923076923 0.8463855432692308 0.514683735576923 0.8641231586538461 0.5084713846153845 0.8594377499999999 0.5062123485576924
4 0.7891566274038462 0.48286897596153844 0.7841365456730769 0.4711972884615384 0.7764390889423077 0.4725150600961538 0.7824631850961539 0.48343373557692304 0.7891566274038462 0.48286897596153844
4 0.033801874999999995 0.7366340360576923 0.02744310576923077 0.7223268076923077 0.020080322115384616 0.7242093365384614 0.025435074519230768 0.7366340360576923 0.033801874999999995 0.7366340360576923