3 0.8472714134615384 0.3916233485576923 0.8570044735576924 0.40488222115384614 0.8856031177884615 0.39823489182692307 0.9059181971153846 0.3660944086538462 0.9045086250000001 0.35798648798076926 0.8912742451923077 0.35806278365384614 0.8816582788461538 0.33671312019230765 0.8727404399038462 0.35504507692307696 0.8621903750000001 0.3454859158653846 0.8476537620192308 0.33003773076923076 0.8258608076923076 0.3587899254807692 0.8472714134615384 0.3916233485576923
4 0.9359459807692307 0.17278276923076924 0.9440654399038462 0.1744473317307692 0.9419949951923077 0.15925140625 0.9427082091346153 0.15686174759615384 0.9006841754807693 0.13770847115384616 0.8963705865384616 0.14660135096153845 0.896379454326923 0.16357238942307692 0.9051003509615385 0.19401562980769232 0.9359459807692307 0.17278276923076924
4 0.98653709375 0.4225197692307692 0.9904314519230769 0.4169216971153846 0.9909083317307693 0.39643293269230767 0.9836106129807691 0.4137204879807692 0.9726409519230769 0.43315332692307695 0.9738464951923077 0.43777486057692305 0.98653709375 0.4225197692307692
4 0.6166523028846154 0.09648378365384615 0.6232646129807692 0.09678275240384616 0.628816860576923 0.09999197836538462 0.6346707163461538 0.09994526682692308 0.6476913076923078 0.09705681971153846 0.66181278125 0.05327063701923077 0.6436772692307693 0.05789994471153846 0.6280309158653845 0.06637844951923076 0.6166523028846154 0.09648378365384615
3 0.5830385649038461 0.0033920192307692306 0.5481599903846154 0.003189100961538461 0.528478125 0.03457891826923077 0.5190644038461538 0.05200618990384616 0.5161077572115385 0.06287487740384615 0.50041171875 0.09236981971153847 0.49051187740384616 0.10821817307692308 0.4906085649038462 0.1191211201923077 0.4959079927884616 0.12221511538461538 0.5262586322115385 0.08243229807692308 0.5365470144230768 0.0749051875 0.5830385649038461 0.0033920192307692306
4 0.1422840576923077 0.7123428149038461 0.13986143028846154 0.7390645336538462 0.15392256971153848 0.7346142956730769 0.15837661298076922 0.7257854302884615 0.15451692307692305 0.7111313798076923 0.15194084134615385 0.6957050024038461 0.1479826778846154 0.7054385552884616 0.1422840576923077 0.7123428149038461
4 0.6555001923076923 0.47185381490384615 0.6601192307692307 0.46920827163461537 0.6672771009615384 0.44939549038461535 0.66252234375 0.44383501442307693 0.6568432403846154 0.4493908149038462 0.6398644855769231 0.46201281490384616 0.6369859014423077 0.4674876418269231 0.6311888100961538 0.49877950240384616 0.6426827355769231 0.49587392548076925 0.653078454326923 0.4809302572115385 0.6555001923076923 0.47185381490384615
4 0.4646126033653846 0.19210794711538462 0.4654783966346154 0.18503706971153847 0.44809336538461536 0.1553957451923077 0.44152806490384616 0.18701615865384616 0.4646126033653846 0.19210794711538462
4 0.35047173798076925 0.2011672091346154 0.35435272596153844 0.17918225000000002 0.34952966346153846 0.17834140144230767 0.34644615865384615 0.19797511538461537 0.35047173798076925 0.2011672091346154
4 0.24676384134615384 0.22787642307692307 0.21925275240384617 0.26488134375 0.232652125 0.2709883701923077 0.2401302283653846 0.2642164639423077 0.25062263942307694 0.2601757475961538 0.25697415865384615 0.22574317788461537 0.24676384134615384 0.22787642307692307
3 0.5615263004807692 0.30075285817307695 0.5613896899038461 0.3101921153846154 0.5733786009615385 0.3258364951923077 0.5810225913461539 0.3076026346153846 0.58116009375 0.28051810576923075 0.5747420552884616 0.28437975961538464 0.5625100841346155 0.26794591826923075 0.556189625 0.26506524519230773 0.5594186057692307 0.25296331730769234 0.55296153125 0.25952189903846157 0.5499560961538461 0.27376175240384615 0.5534946634615385 0.29302020192307693 0.5615263004807692 0.30075285817307695
4 0.4578947379807692 0.16393498798076925 0.4656646923076923 0.1545813798076923 0.47320134374999995 0.14376407451923076 0.46945875240384616 0.12101924038461538 0.46063849038461535 0.13260886778846154 0.4468975817307692 0.1500999831730769 0.45415125 0.15883542307692308 0.4578947379807692 0.16393498798076925