2 0.952145983173077 0.3956903221153846 0.9436943076923078 0.3690981971153846 0.9412970625000001 0.3584801033653846 0.9361743990384616 0.33494697596153844 0.9270210024038461 0.33512481490384616 0.9344390769230769 0.36328308173076923 0.9373153966346154 0.3737341057692308 0.9509237572115385 0.4003364759615385 0.952145983173077 0.3956903221153846
1 0.5201480985576923 0.4944964375 0.5281452283653846 0.5170271514423077 0.5437208149038462 0.5459577211538462 0.5530024302884615 0.5589977980769231 0.5632894110576923 0.551793329326923 0.5597435360576923 0.5331359471153847 0.5544963605769231 0.5192917860576923 0.5339999230769231 0.46736055769230767 0.5264082740384615 0.45734821875 0.5201029615384616 0.44929868509615384 0.5143540288461538 0.4513035120192308 0.5147481682692308 0.4716628485576923 0.5201480985576923 0.4944964375
4 0.5014716971153846 0.47026429567307687 0.49165060096153845 0.4736892139423077 0.4939592043269231 0.48192683413461535 0.5032634951923077 0.47928498798076924 0.5014716971153846 0.47026429567307687
4 0.4660731538461539 0.3439541370192308 0.4666181947115385 0.3618494639423077 0.47327621875 0.3679674591346154 0.4714071177884615 0.34872533653846155 0.4660731538461539 0.3439541370192308
4 0.5262055721153847 0.7630621298076924 0.5147586225961539 0.7700682644230769 0.5197907932692307 0.7797674807692307 0.5284255336538461 0.7689192764423077 0.5262055721153847 0.7630621298076924
4 0.4351094903846154 0.6658209591346154 0.43772359375000003 0.6920374399038463 0.44333482211538466 0.6961090985576923 0.4401152788461538 0.6682952163461539 0.4351094903846154 0.6658209591346154
4 0.43686356490384615 0.6754576514423077 0.43068461778846157 0.6691725889423077 0.4343568557692308 0.6895944423076923 0.43743313701923076 0.6891244975961539 0.43686356490384615 0.6754576514423077
4 0.40828046875 0.9048616153846154 0.3930670817307692 0.8547051057692308 0.39057171153846154 0.8610009350961538 0.4041705841346154 0.9068977067307693 0.40828046875 0.9048616153846154
4 0.40622852644230767 0.8464982235576923 0.39507203365384613 0.8564173052884616 0.40140373076923075 0.8716917932692307 0.41203023076923073 0.8589433125 0.40622852644230767 0.8464982235576923
4 0.37474294951923076 0.9816646105769231 0.3541407475961539 0.9773951442307692 0.35835432211538465 0.9928054471153847 0.3763083990384616 0.9943813149038461 0.37474294951923076 0.9816646105769231
4 0.14030862500000002 0.8210747235576924 0.11547781009615385 0.7863290384615385 0.11371424759615384 0.7959867451923077 0.13613648317307692 0.8279553004807692 0.14030862500000002 0.8210747235576924
4 0.008258608173076923 0.47313530048076924 0.024387951923076925 0.4937634014423077 0.02763966105769231 0.48660096394230773 0.011926370192307691 0.4637468822115384 0.008133699519230769 0.4659793461538462 0.008258608173076923 0.47313530048076924
4 0.5303682283653847 0.7754759567307693 0.5232838942307693 0.7839749471153846 0.5259452067307693 0.7902810264423077 0.53219775 0.7838806466346154 0.5303682283653847 0.7754759567307693
4 0.5142994038461539 0.42540015865384617 0.5099895576923077 0.4383572211538462 0.5141635528846155 0.44293008653846155 0.5175152427884615 0.4303071658653846 0.5142994038461539 0.42540015865384617
4 0.5590461899038461 0.3531280024038462 0.5552644855769231 0.3574610336538461 0.5582917043269231 0.36544804807692305 0.5622243052884616 0.35865100961538465 0.5590461899038461 0.3531280024038462
4 0.8588338677884615 0.23893729086538462 0.8557066706730769 0.2364107596153846 0.8585452668269231 0.24747778605769233 0.8619120024038461 0.24992078125 0.8588338677884615 0.23893729086538462
4 0.2008276995192308 0.5907821009615385 0.2077761802884615 0.5998130384615384 0.22170901442307694 0.60580546875 0.2260961610576923 0.6030698413461538 0.22699020913461537 0.5961267475961539 0.21329506009615384 0.5785973413461538 0.2081251826923077 0.5749746177884615 0.20305714182692308 0.5773448461538462 0.19055020192307692 0.5786921682692308 0.19225336057692305 0.5853323846153846 0.19833232692307692 0.5970779302884616 0.2008276995192308 0.5907821009615385
4 0.4493387644230769 1 0.4495487524038462 0.9965710985576923 0.44151575 0.9861098269230768 0.4316682716346154 0.9823097884615385 0.42708785576923075 1 0.4493387644230769 1
4 0.3668008846153846 0.8319140625 0.3573061177884615 0.8261824807692307 0.35992206971153845 0.8638523990384616 0.3711350408653846 0.8912901153846153 0.3668008846153846 0.8319140625