3 0.7053595240384615 0.54155825 0.7698045673076923 0.41225116586538463 0.7691048004807691 0.40931457692307693 0.7647730360576923 0.40920685096153847 0.7036411682692307 0.5314167115384616 0.7053595240384615 0.54155825
3 0.838417235576923 0.5509817211538461 0.8393095408653846 0.5613196850961539 0.8320786658653846 0.5722446081730769 0.811802829326923 0.6368500745192307 0.816420295673077 0.6359589663461538 0.8572797548076923 0.5092606658653847 0.8524497355769232 0.507306201923077 0.838417235576923 0.5509817211538461
3 0.886255766826923 0.6286619807692309 0.8399527451923077 0.6326387884615384 0.7956206490384615 0.6404911153846153 0.7248328413461539 0.6511175408653845 0.7215196682692308 0.6582147692307692 0.8393192331730769 0.6402365889423076 0.885177139423077 0.6351244278846154 0.886255766826923 0.6286619807692309
3 0.3946827692307692 0.21556191346153847 0.39378356490384614 0.21960274519230769 0.39686625000000003 0.22228300721153846 0.4296846923076923 0.20982474278846153 0.5705667668269231 0.20983709134615386 0.5738288774038461 0.21009573317307695 0.5748122692307692 0.20396623076923076 0.5435686322115385 0.2037415216346154 0.5120813822115384 0.20347131009615385 0.4632249855769231 0.20381453365384614 0.44745479567307694 0.20332373076923077 0.43110216105769233 0.20307485576923076 0.3946827692307692 0.21556191346153847
3 0.5570188798076923 0.6555440120192307 0.5957721995192308 0.6582237620192307 0.5969771153846154 0.648628298076923 0.5611470625 0.6464946298076922 0.5538057644230769 0.6398622379807691 0.49413890144230765 0.5694422067307692 0.4870122283653846 0.5737226538461538 0.5508956129807692 0.6491391514423076 0.5570188798076923 0.6555440120192307
3 0.5531516177884616 0.8144054423076923 0.5408229615384615 0.8117516634615385 0.5525822908653846 0.8244703677884615 0.57570896875 0.8494838245192308 0.6036235697115384 0.8774960841346153 0.6293457211538461 0.9050987860576923 0.6331792283653846 0.9033597668269231 0.6339190168269231 0.8971847548076923 0.6048284807692308 0.8679006225961537 0.5892977524038462 0.8513207980769231 0.5631525673076923 0.8260942091346154 0.5531516177884616 0.8144054423076923
3 0.19934627884615383 0.4400181201923077 0.20123991346153847 0.4316035120192308 0.19265160817307692 0.43561092307692306 0.18742271634615384 0.44761129086538465 0.15403426682692306 0.5087150649038461 0.1355195576923077 0.5438371490384616 0.13715164903846155 0.5480001009615385 0.14022329086538463 0.5489246298076923 0.14376005769230768 0.5464287091346154 0.19934627884615383 0.4400181201923077
3 0.34989393990384615 0.5067217836538462 0.32740284374999995 0.48217779326923077 0.3226280384615385 0.4890019807692308 0.33669713461538464 0.5053087644230769 0.4006426225961538 0.5751251274038461 0.4056299807692308 0.571146514423077 0.40657127884615385 0.5660613461538462 0.34989393990384615 0.5067217836538462
3 0.6352005 0.8146509783653847 0.5771581610576922 0.8013532812499999 0.5738870817307692 0.807406170673077 0.6340266442307693 0.8214463701923077 0.6352005 0.8146509783653847
3 0.3311350480769231 0.8279969855769231 0.39236977163461534 0.7763038245192307 0.3850084615384616 0.774227233173077 0.32953400961538465 0.8210339663461539 0.32834911057692306 0.8260736274038462 0.3311350480769231 0.8279969855769231
3 0.19610987980769232 0.8694131153846154 0.19436114663461537 0.8234910576923077 0.19010942307692308 0.8051601298076924 0.18926750721153845 0.8260468822115385 0.18957047115384615 0.8510055721153846 0.1907346875 0.8891022980769231 0.19086719471153846 0.9101710745192307 0.1967758389423077 0.9056630937500001 0.19610987980769232 0.8694131153846154
3 0.40753533413461535 0.5259070528846154 0.40164877403846155 0.5339264975961538 0.3929445480769231 0.5814032355769231 0.39363534375000003 0.5906513557692308 0.39959230048076927 0.6093008293269231 0.4032042932692308 0.6110277668269231 0.40585082932692307 0.606261141826923 0.39864271153846154 0.5821169423076923 0.40753533413461535 0.5259070528846154
3 0.14663433653846153 0.5623979206730769 0.08441964182692309 0.5511266826923077 0.08227136057692307 0.557740048076923 0.1450264014423077 0.5698136971153847 0.14663433653846153 0.5623979206730769
3 0.2599109951923077 0.5835584879807693 0.24442650240384617 0.582068858173077 0.23969379086538461 0.5878487067307693 0.2563010745192308 0.5898988173076923 0.2599109951923077 0.5835584879807693
3 0.04065480528846154 0.5408468221153846 0.033337665865384614 0.5457931538461538 0.08589719230769231 0.6545184158653845 0.09190106971153847 0.6496774903846153 0.04065480528846154 0.5408468221153846
3 0.08675906730769231 0.5052668413461538 0.06473517307692309 0.4853696658653846 0.05868919951923077 0.4912549278846154 0.10626478846153847 0.5348648942307692 0.10860561298076923 0.5356529038461538 0.11255436538461537 0.5290251370192307 0.08675906730769231 0.5052668413461538
3 0.20008132451923075 0.9373205072115385 0.19880286778846154 0.9367468942307693 0.1996124326923077 0.9359051418269231 0.19823277884615387 0.9354367499999999 0.19914353846153846 0.9344897716346154 0.19766269230769232 0.9341265985576922 0.19867464663461537 0.9330744014423077 0.19709260576923077 0.9328164471153847 0.19820575480769229 0.9316590360576923 0.18413901442307695 0.8891979735576924 0.18343755769230768 0.8894928293269231 0.1836701201923077 0.8877826057692307 0.17482991586538463 0.859475451923077 0.16861348557692307 0.8614707980769231 0.17827974278846154 0.8895815312500001 0.18113017548076923 0.8961322740384615 0.18273986778846155 0.8946235048076924 0.18250730528846154 0.8963337283653845 0.18170026442307693 0.8974424254807692 0.18227474038461539 0.898043954326923 0.18204217548076923 0.8997541778846153 0.1828404375 0.9000627235576922 0.1824979543269231 0.9011591875 0.18341052403846153 0.9013728701923077 0.18295372836538462 0.9025641947115385 0.18398061057692308 0.9026830192307693 0.18340950721153845 0.903969201923077 0.1845506971153846 0.9039931706730768 0.18386528124999998 0.9053742067307693 0.18512078605769233 0.9053033173076923 0.1843210576923077 0.9067792187499999 0.1964549014423077 0.9441838533653846 0.20253297115384614 0.9453192644230769 0.20222338701923076 0.9446077908653846 0.20242578125 0.9443973533653847 0.2016533004807692 0.9432976442307692 0.20195688942307694 0.942981985576923 0.20108321634615384 0.9419874927884616 0.20148799759615385 0.9415666153846154 0.20051312740384614 0.94067734375 0.20101910576923077 0.9401512475961538 0.1999430408653846 0.9393671971153845 0.20055021394230768 0.9387358774038461 0.1993729543269231 0.938057045673077 0.20008132451923075 0.9373205072115385
3 0.2621739447115385 0.8582550048076923 0.2693654735576923 0.8178611009615384 0.26667476682692304 0.8156047956730769 0.26408136778846153 0.8210828125 0.25683670432692307 0.860765326923077 0.2621739447115385 0.8582550048076923
3 0.18976301442307691 0.8584069471153846 0.18894178365384617 0.8361573124999999 0.1703794831730769 0.9333503774038461 0.17519846153846153 0.9335491153846154 0.18976301442307691 0.8584069471153846
3 0.19359512740384616 0.810020079326923 0.1925165 0.8164825288461538 0.19481730288461538 0.8263821394230769 0.19826573076923076 0.8098403677884616 0.19359512740384616 0.810020079326923
3 0.3652004014423077 0.5572808846153846 0.35526363221153845 0.5480592451923078 0.33941821875 0.5433455865384615 0.36417491586538464 0.5644547259615385 0.3652004014423077 0.5572808846153846
3 0.5859452283653847 0.8289490408653847 0.5694311033653846 0.8184987235576924 0.5660116562499999 0.8241731634615385 0.5849618365384616 0.8350785456730769 0.5859452283653847 0.8289490408653847
3 0.48102768990384615 0.6125883629807692 0.4791761490384615 0.6199586298076922 0.4780995985576923 0.6344883437500001 0.47631223798076927 0.644325733173077 0.46791854807692307 0.6638017788461539 0.46525200000000005 0.6731242043269231 0.4683125985576923 0.6722929999999999 0.48632283413461536 0.6111223822115385 0.48102768990384615 0.6125883629807692
3 0.08850790384615384 0.7988069423076923 0.07288400961538462 0.7906273269230769 0.06976130528846154 0.7970586658653847 0.08476065384615385 0.8065245504807692 0.08850790384615384 0.7988069423076923
3 0.6758495288461539 0.8169833870192308 0.6823095649038462 0.8150335432692307 0.6864908846153847 0.8066955528846154 0.6551388942307692 0.796980795673077 0.6401305745192307 0.7938264471153846 0.6305236754807692 0.7906288990384615 0.6036097307692307 0.7824446538461539 0.6026836225961538 0.805420079326923 0.6350942259615385 0.8132281899038462 0.6341218774038461 0.8211134254807693 0.6032791850961539 0.8150011466346154 0.6128991995192308 0.8280216874999999 0.6312979879807692 0.8363689326923077 0.6461669038461538 0.8328333028846154 0.6575411490384616 0.8307492548076923 0.6624753701923077 0.82605925 0.6758495288461539 0.8169833870192308
3 0.3981210745192308 0.7777289254807692 0.40248389182692307 0.7750365817307692 0.4022182019230769 0.7714796129807693 0.4127995264423077 0.7748591850961539 0.42612261298076926 0.7731391899038461 0.43767628605769227 0.7686335264423078 0.4510504447115385 0.7595576610576923 0.4635233269230769 0.7464553653846154 0.46015494230769227 0.7447739350961539 0.46148821634615383 0.7401127235576923 0.4587554134615385 0.7389007572115385 0.4582461177884615 0.7352982812500001 0.4555022764423077 0.7323305841346154 0.45066121153846156 0.7286203822115385 0.4469008509615385 0.7265149951923077 0.44549028125 0.7188860841346153 0.44628320673076927 0.7134224663461539 0.43826630528846156 0.7154322139423077 0.4297511466346154 0.7155952139423077 0.41849214423076925 0.7127905168269231 0.40600407211538464 0.7080025552884616 0.3954758894230769 0.7053343774038462 0.3898729567307692 0.7042877259615385 0.3830299110576923 0.6995020769230769 0.37920951682692305 0.71106409375 0.3823053149038461 0.7235673485576922 0.38575099519230766 0.7375388966346154 0.3783296538461538 0.7491297067307693 0.38496221875000003 0.7591370432692308 0.38080090865384614 0.7629192331730769 0.38089821874999996 0.7706535504807692 0.38452125 0.7741362187499999 0.39538827403846155 0.7765169615384615 0.3981210745192308 0.7777289254807692
3 0.5979647019230769 0.7824423389423077 0.5795769543269231 0.7758508269230769 0.578480391826923 0.7949363389423076 0.5979647019230769 0.7824423389423077
3 0.5737262211538462 0.6348151201923078 0.5718084302884615 0.6316509975961538 0.5559630144230769 0.6269373365384615 0.553847860576923 0.6388178990384615 0.5609034567307692 0.646449122596154 0.5970723485576923 0.6482953533653847 0.5960158052884615 0.6582692692307692 0.5832109783653846 0.6572802067307693 0.6095956177884616 0.6664177764423077 0.6427059879807693 0.6771624735576923 0.6400663461538462 0.667550298076923 0.6381375096153847 0.6626304447115385 0.63091353125 0.6591765721153846 0.6263381610576922 0.6590233413461538 0.6208504759615384 0.6530879447115385 0.6188374471153846 0.6502567692307692 0.6085418293269231 0.6458783629807693 0.5985208677884615 0.6387453990384616 0.5803567139423077 0.6367551923076923 0.5737262211538462 0.6348151201923078
3 0.40286545192307693 0.6113152019230769 0.39891462259615385 0.6098757019230769 0.394738125 0.5957676322115385 0.3903642668269231 0.5967042451923077 0.3836868557692308 0.6182545673076922 0.383967733173077 0.639701795673077 0.3878737235576923 0.6726989567307692 0.39532404326923076 0.6502408149038461 0.40018096875 0.6332606875 0.40453067067307696 0.6207453509615385 0.4091881610576923 0.6107426418269231 0.4190455600961539 0.5996068966346153 0.41336740624999996 0.5943373894230769 0.4016101490384615 0.5896859471153847 0.4059460625 0.605928201923077 0.40286545192307693 0.6113152019230769
3 0.4803445600961539 0.7979988990384614 0.4857880793269231 0.7969113701923077 0.4875022884615384 0.7909183846153846 0.48540299759615385 0.7821086177884615 0.47647377644230765 0.7783361995192308 0.47269132932692304 0.7727193485576923 0.4778891682692308 0.7635190504807692 0.4790740697115385 0.7584793894230769 0.47659384374999997 0.7510013966346154 0.4638200697115385 0.7472122668269231 0.45095520913461534 0.7598906057692307 0.43705174759615384 0.7699197932692308 0.42788099278846153 0.7741691322115384 0.4322569254807692 0.78129978125 0.4411661394230769 0.7896280024038462 0.4548943221153846 0.7981549567307693 0.4711006610576923 0.8060926442307692 0.4800519663461538 0.8133765264423077 0.48482884615384614 0.8146196033653846 0.4875927019230769 0.8130315 0.4847425793269231 0.8086410144230769 0.4822112884615385 0.808518891826923 0.4803445600961539 0.7979988990384614
3 0.08966107451923078 0.8351479350961538 0.10595850240384615 0.8266181514423077 0.1087182091346154 0.8088955240384615 0.10642844711538461 0.800751641826923 0.1104393125 0.7885237403846154 0.10635115144230768 0.7884615216346155 0.10503996394230769 0.7966341971153846 0.09433650240384615 0.8125221658653847 0.09316264182692308 0.8193175552884615 0.08671572115384615 0.8310903942307692 0.08966107451923078 0.8351479350961538
4 0.6077597980769232 0.28167065384615386 0.602644076923077 0.2807150144230769 0.6018090576923076 0.28722297115384615 0.6160265288461539 0.3039082019230769 0.6190229447115385 0.30060987740384615 0.6201126129807691 0.29590315865384614 0.6077597980769232 0.28167065384615386
3 0.4288213701923077 0.18861944471153846 0.4255482163461538 0.1866050721153846 0.4184105024038462 0.18912978605769232 0.41504419230769235 0.19551562019230767 0.4144106826923077 0.20311342067307692 0.4161380072115385 0.20694343028846152 0.42556340625 0.2044953293269231 0.4279863485576923 0.1951274014423077 0.4288213701923077 0.18861944471153846
4 0.5581635625 0.16437987019230768 0.5671169399038462 0.17973101442307693 0.5751600769230769 0.19736725961538462 0.5758729567307692 0.21012684134615386 0.5740324615384615 0.21925284134615383 0.5698532139423077 0.23565809375 0.5927328149038462 0.20591092788461537 0.5973482067307693 0.19695256009615386 0.5999084783653846 0.18620735096153848 0.5926803533653846 0.16661894951923079 0.5833550096153846 0.1462880456730769 0.573110451923077 0.13455377403846153 0.5671245096153846 0.12677163461538463 0.5609501754807693 0.12772264423076923 0.5451641225961539 0.14792216826923077 0.5581635625 0.16437987019230768