3 0.2424099375 0.37216968990384613 0.2289456153846154 0.3984040168269231 0.23248624759615386 0.40807959855769227 0.23885489423076922 0.4139487115384615 0.2464372451923077 0.4107760072115385 0.2602332836538462 0.38709597596153844 0.2595452572115385 0.37780065625000003 0.2667171899038462 0.35867610096153846 0.25941243509615386 0.35519227644230766 0.24809793509615385 0.3699995 0.2424099375 0.37216968990384613
4 0.23794967788461538 0.6372246730769231 0.23420031490384613 0.6459284735576923 0.24434537740384615 0.6476991923076922 0.25128152163461537 0.6423486177884615 0.2515714230769231 0.6377854591346155 0.23794967788461538 0.6372246730769231
3 0.45030797115384613 0.66511440625 0.4547183028846154 0.6611005144230769 0.45308432692307693 0.6525157812500001 0.4305878052884615 0.6507719591346154 0.42427327403846155 0.6541136682692308 0.4208015144230769 0.6561609447115385 0.4239858341346154 0.6590955 0.42845028125 0.6642924302884615 0.45030797115384613 0.66511440625
3 0.40558480288461535 0.5997475600961539 0.41635886057692306 0.6007654326923076 0.42080362740384614 0.6026129711538462 0.42391415865384613 0.5929873197115385 0.42194600721153847 0.5814296201923077 0.40612770673076926 0.5843411370192307 0.3985453509615385 0.5875138437499999 0.3906853966346154 0.5973430721153846 0.3957911346153846 0.6038805264423077 0.40558480288461535 0.5997475600961539
3 0.9454373653846153 0.6307138485576923 0.9514595384615384 0.6315166249999999 0.9555529158653846 0.6274604855769231 0.955830514423077 0.6208039567307692 0.9449826658653847 0.6072258725961539 0.9395944110576924 0.6065076033653847 0.9351496418269231 0.6046600625 0.9323191730769231 0.6080478629807693 0.9333143149038462 0.6157107427884616 0.9454373653846153 0.6307138485576923
4 0.9392872932692308 0.6081400456730769 0.9348302283653845 0.6041991394230769 0.9335968365384615 0.6098915649038461 0.9374101514423077 0.6120732740384616 0.9392872932692308 0.6081400456730769
3 0.9109228725961539 0.5240365889423078 0.9169425817307691 0.5244206923076923 0.9463531105769231 0.5170458774038461 0.9478714807692307 0.5059529495192308 0.9212643653846153 0.5053345504807693 0.9098859134615385 0.5092562596153847 0.8959890288461538 0.5157706706730769 0.8950799735576923 0.5227613677884615 0.9010972259615385 0.5227267980769231 0.9109228725961539 0.5240365889423078
4 0.4710043365384615 0.4143557788461539 0.46656940865384616 0.41418293269230766 0.4638028894230769 0.42845624759615386 0.4610831057692308 0.45068436057692307 0.47312252884615386 0.45145256730769234 0.47054260096153844 0.44357843028846156 0.4816409951923077 0.44589457692307694 0.49019635576923076 0.4466166875 0.4939653966346154 0.44126227163461534 0.4710043365384615 0.4143557788461539
3 0.42768009134615387 0.10193307932692308 0.4474445336538461 0.1238116514423077 0.4608108149038461 0.1347970264423077 0.4697372451923077 0.14477221153846154 0.49264665144230774 0.16288656009615382 0.49929535576923073 0.1625178173076923 0.5316642572115385 0.17352623317307694 0.5318631466346153 0.1534721514423077 0.5346444254807692 0.14171087740384616 0.5562733629807692 0.10359620673076922 0.5668727788461538 0.07488825240384615 0.5784427427884615 0.049656439903846154 0.5749598557692308 0.040825242788461544 0.5647757451923077 0.03946766586538461 0.5588062091346153 0.04954889663461538 0.5478258822115385 0.06732908653846154 0.5364351298076924 0.06915742548076922 0.51741775 0.06662234375 0.5072702283653846 0.06443295432692307 0.4927099110576923 0.06583878125 0.4699185721153846 0.06782076682692308 0.4512452043269231 0.0699333485576923 0.43416153846153843 0.07309453125 0.4304146370192308 0.08221700961538461 0.42856947115384614 0.0915929951923077 0.42768009134615387 0.10193307932692308
4 0.5507898677884615 0.19448295432692309 0.589812391826923 0.2059599735576923 0.58345078125 0.1473802403846154 0.5507898677884615 0.19448295432692309
4 0.05094724759615384 0.12743389903846153 0.06676308894230769 0.12410370673076923 0.04917553125 0.09540344230769231 0.04539911057692308 0.09950183894230769 0.04357362259615384 0.11222721153846155 0.04837224038461539 0.12039710817307693 0.05094724759615384 0.12743389903846153
4 0.32625259375 0.6272417692307692 0.35258211057692307 0.6345166971153847 0.34936826923076925 0.6265580552884615 0.32625259375 0.6272417692307692