3 0.1563774278846154 0.022053911057692308 0.15822978125 0.01881342548076923 0.15962671874999998 0.0059882259615384615 0.13957320913461538 0.00738765625 0.13625610576923078 0.014690093750000001 0.1563774278846154 0.022053911057692308
2 0.5591601995192308 0.03778569951923077 0.5445127091346154 0.07840521153846154 0.537881798076923 0.09329269471153846 0.5156107067307693 0.12850461538461538 0.5575969615384616 0.13066570192307692 0.5913689326923077 0.14160232211538462 0.6253679014423077 0.07474261298076923 0.6409916033653846 0.053005134615384614 0.6280535576923078 0.04570570432692308 0.5591601995192308 0.03778569951923077
3 0.5091264879807692 0.026286872596153848 0.508991389423077 0.0146999375 0.4914164735576923 0.031199658653846156 0.47643947115384616 0.04355835336538461 0.4874427860576923 0.04703306009615385 0.5019312548076923 0.05761834855769231 0.5214079471153846 0.04211726442307692 0.5204383221153847 0.023800451923076924 0.5091264879807692 0.026286872596153848
3 0.6782898605769231 0.2042662283653846 0.6853050793269231 0.18991760336538463 0.6985096682692308 0.122812 0.6599525504807692 0.12295715625 0.6300862884615385 0.1227786658653846 0.6172285480769231 0.1547881346153846 0.6145659543269231 0.18580329807692308 0.6093515865384616 0.22491600961538463 0.6467248966346154 0.18808450240384617 0.6542463485576923 0.18473124038461539 0.6715621682692308 0.17843177163461538 0.6705146802884615 0.18585866105769233 0.6667440673076922 0.18668746875 0.6782898605769231 0.2042662283653846
3 0.6357441610576923 0.3486543365384615 0.6403888365384615 0.3579467067307692 0.6541449302884617 0.37056296874999994 0.6803612764423076 0.3495004735576923 0.6960080480769231 0.32974125 0.7339666706730769 0.31068770432692305 0.7257280985576924 0.28495868509615385 0.7136068822115385 0.2504497932692308 0.6955278125 0.2237104639423077 0.6797875576923077 0.2030303581730769 0.6674896225961539 0.18578692548076925 0.6716247764423078 0.18380132692307694 0.6715588725961539 0.17814916346153845 0.653878514423077 0.18560542307692307 0.6463504711538461 0.18839346875000001 0.6269792211538461 0.21293801442307692 0.5887779807692307 0.2436048605769231 0.6035848533653846 0.24907684134615385 0.5995848028846154 0.26264937740384614 0.6244826033653846 0.2906098918269231 0.63574171875 0.28360173798076926 0.6299156730769231 0.302675625 0.6357441610576923 0.3486543365384615
3 0.6637407331730769 0.41543026923076926 0.6681296129807692 0.4352055 0.6678573341346153 0.4442753221153846 0.6803221009615386 0.4434054711538461 0.6848283846153845 0.4408282956730769 0.7082074951923077 0.43580273076923076 0.762982295673077 0.40001957211538464 0.7810634375000001 0.39451521153846153 0.7881038028846153 0.34990114903846153 0.7833800432692308 0.3338261850961538 0.7531459471153846 0.334521875 0.7233126442307692 0.3371694639423077 0.6897284951923077 0.34234150961538456 0.6769683846153847 0.35030292307692307 0.657879295673077 0.3666254735576923 0.6409972163461538 0.3777029206730769 0.6490216057692308 0.3850624086538461 0.6349285528846154 0.4083901009615385 0.6637407331730769 0.41543026923076926
3 0.8568081177884616 0.3091861875 0.8794330096153846 0.33673964423076924 0.8924468437499999 0.3505390576923077 0.8980117187500001 0.3739091201923077 0.9133116466346153 0.38924602644230766 0.9487316706730768 0.37942045673076924 0.9833534206730769 0.36597369471153846 0.973400889423077 0.35535470673076924 0.9874271826923077 0.3587228870192308 0.9868564254807691 0.3097719471153846 0.9638368173076923 0.28078718990384616 0.9267465216346154 0.24462670192307692 0.9149482283653847 0.23781341346153845 0.9129311153846154 0.22692349278846152 0.9037340288461538 0.21625178365384615 0.8857801730769231 0.20025156249999998 0.8426553894230769 0.23013064182692308 0.83109434375 0.24366514423076924 0.8213098629807691 0.24745917067307693 0.8127310384615385 0.2573915 0.8448384759615385 0.28767727403846155 0.8568081177884616 0.3091861875
4 0.1424220360576923 0.7380425937499999 0.14081230048076923 0.729669783653846 0.11349904086538462 0.7539200456730769 0.10241127403846154 0.775623826923077 0.11463342307692306 0.7863672716346154 0.13195704807692307 0.8131593197115384 0.14464796153846154 0.7992631346153847 0.16325718028846153 0.7742060889423077 0.15487484134615384 0.7685686129807692 0.15932510817307693 0.7611870961538462 0.1553567860576923 0.7450594110576922 0.1424220360576923 0.7380425937499999
3 0.49438319230769234 0.57743590625 0.5010272860576923 0.5636788533653846 0.5050273389423077 0.5501063221153847 0.5011051490384616 0.5379351538461539 0.49468060817307696 0.5381006466346154 0.4827616153846154 0.5533571586538462 0.46967980528846154 0.5661492740384616 0.49438319230769234 0.57743590625
3 0.6049555072115385 0.6260044254807693 0.5969344158653846 0.618927545673077 0.593643670673077 0.6284908485576923 0.6069594399038462 0.6357639158653845 0.609484858173077 0.6254055072115385 0.6049555072115385 0.6260044254807693
3 0.5741727139423077 0.709327141826923 0.5778938990384616 0.7042592115384616 0.5653105048076923 0.694955170673077 0.5574772355769231 0.7039869567307692 0.5741727139423077 0.709327141826923
4 0.5492522091346154 0.7766846634615384 0.5493642451923078 0.7862933389423077 0.5730222235576923 0.7727631706730769 0.5544678004807693 0.7700982524038462 0.5492522091346154 0.7766846634615384
3 0.5850647235576922 0.8977857572115385 0.6122090769230769 0.92389246875 0.6228729927884615 0.8982585360576922 0.5833067091346154 0.876695579326923 0.5850647235576922 0.8977857572115385
3 0.19479382692307692 0.5610080600961539 0.17237652884615384 0.551258923076923 0.16824467067307694 0.5535271322115385 0.19218932932692306 0.5645838725961538 0.19479382692307692 0.5610080600961539
3 0.18534752884615385 0.5613844302884615 0.18127498557692306 0.5687395841346153 0.1824608653846154 0.5731822379807693 0.18964414182692307 0.5732466322115385 0.20056178125 0.5693735240384615 0.20199028365384614 0.5622028846153846 0.1974246875 0.5596931129807692 0.18534752884615385 0.5613844302884615
4 0.562908110576923 0.13227493028846155 0.5596008942307692 0.14042518990384617 0.5495013004807693 0.14961513221153847 0.5610965192307693 0.17143301201923075 0.5719284831730769 0.16021209615384613 0.5718164495192307 0.15060341586538462 0.5800570961538462 0.1440887451923077 0.5723741826923077 0.13359420913461537 0.562908110576923 0.13227493028846155
3 0.6472206538461538 0 0.6366575240384615 0.005507939903846154 0.6323094086538461 0.021650310096153848 0.6321228052884614 0.03806794471153846 0.6439013341346154 0.04318558173076924 0.6623404230769231 0.035959213942307694 0.6990616610576923 0.04046757932692308 0.708031389423077 0.031639324519230766 0.6994315721153845 0.007349704326923077 0.6846246971153847 0.0018777235576923077 0.6818327211538461 0 0.6472206538461538 0
3 0.743603358173077 0.13211002403846153 0.7086850456730769 0.12012204567307692 0.7102387644230769 0.12369051682692309 0.7086170673076922 0.1467135721153846 0.7092584014423077 0.16929586778846153 0.7232208677884615 0.16719014903846155 0.743603358173077 0.13211002403846153
3 0.7399069471153846 0.8850002524038462 0.7262398197115385 0.8800144110576924 0.7134961875 0.8893888677884616 0.705913346153846 0.9198988774038461 0.7192521778846154 0.9291502019230768 0.7153312115384616 0.9495053341346154 0.737232391826923 0.9474112884615384 0.7613208124999999 0.9383764879807692 0.756425704326923 0.9076058990384616 0.7399069471153846 0.8850002524038462
4 0.48098419471153847 0.6278676274038462 0.46671650000000003 0.6362170841346154 0.49847258173076925 0.6687900841346154 0.5063948173076923 0.66738871875 0.5146453509615385 0.6617218677884615 0.48098419471153847 0.6278676274038462
4 0.3988730673076923 0.6859227884615385 0.4218064831730769 0.7075151129807692 0.4332105817307692 0.7129417211538461 0.42466348557692307 0.6931738317307693 0.42105311778846155 0.6753241394230769 0.4119515841346154 0.6728480697115384 0.40936026682692306 0.6775543125 0.4033562836538461 0.6813673581730769 0.3988730673076923 0.6859227884615385
4 0.5252952307692308 0.6997274951923077 0.5254237403846154 0.7107492115384615 0.5594449206730769 0.7106377548076923 0.5636492692307692 0.7145869278846154 0.5692557596153847 0.70910459375 0.5586136923076923 0.7041904855769231 0.546703360576923 0.6877685192307692 0.5346163173076923 0.6886120120192308 0.5252952307692308 0.6997274951923077
4 0.4458176490384615 0.30279515625 0.43290926201923075 0.2980392019230769 0.4291485360576923 0.2997158341346154 0.4235881754807692 0.3091546826923077 0.4456178701923077 0.3180823581730769 0.4504919831730769 0.3146309975961538 0.4458176490384615 0.30279515625
3 0.5194384326923077 0.42436902644230773 0.5493211658653846 0.4259605625 0.5613344975961538 0.386373389423077 0.5265150432692308 0.3828636586538462 0.5194384326923077 0.42436902644230773
3 0.6407599663461538 0.3573551322115385 0.6349920168269231 0.3489896658653846 0.6169108725961538 0.3544940264423077 0.6100427115384616 0.3490337211538461 0.5835166225961539 0.34353104567307696 0.5658362668269231 0.3509873052884615 0.5636622091346154 0.3590584903846154 0.5592119423076923 0.36644000240384617 0.5628157235576923 0.3837244807692307 0.5794848413461539 0.38680380048076923 0.5833015817307692 0.38993150480769234 0.6081751009615385 0.38338746153846154 0.6204125024038463 0.36301764903846157 0.6407599663461538 0.3573551322115385
3 0.5891647283653846 0.30919631730769226 0.5965358269230769 0.32536937499999996 0.6143216298076923 0.32695657932692307 0.6286552235576923 0.32425928365384615 0.627642764423077 0.3022685600961538 0.6059084110576923 0.2862493269230769 0.5905668725961538 0.2997648125 0.5891647283653846 0.30919631730769226
3 0.6530018846153846 0.36979422596153844 0.6403921322115385 0.3582293173076923 0.6185370841346154 0.364279875 0.6052587836538461 0.39264180048076924 0.6034097235576923 0.3961648918269231 0.6147512139423077 0.3962219423076923 0.6227031105769231 0.3973640504807693 0.6366425120192307 0.3932800721153846 0.642341264423077 0.3957107668269231 0.6486504735576923 0.3856539855769231 0.6406227908653845 0.3780118870192308 0.6530018846153846 0.36979422596153844
3 0.630543826923077 0.32412748557692306 0.6200665120192308 0.3333437860576923 0.6122958509615384 0.34774513221153847 0.6169174615384615 0.3550592451923077 0.6327158076923076 0.3482999951923077 0.630543826923077 0.32412748557692306
3 0.7541525504807692 0.5505399639423076 0.7585171418269231 0.5358106394230769 0.7554031153846155 0.5281084807692308 0.7384024110576923 0.5290120360576923 0.7177727860576923 0.5428965480769231 0.7321043076923076 0.5724429423076923 0.7449171394230769 0.5690032596153846 0.7541525504807692 0.5505399639423076
4 0.9739012620192308 0.5603774326923077 0.9860815889423077 0.5630708966346154 0.9871274158653847 0.5181379230769231 0.9724913100961537 0.5367174254807693 0.9739012620192308 0.5603774326923077
4 0.5496161418269231 0.32157270673076926 0.5673294471153846 0.3169425264423077 0.5542299423076923 0.29579529807692306 0.5292641610576923 0.29442631009615383 0.5327526129807693 0.3018195 0.5463867860576923 0.30397926201923076 0.5496161418269231 0.32157270673076926
4 0.5492351249999999 0.3213164567307692 0.5452569206730769 0.30434094951923074 0.5376814278846154 0.30305943990384615 0.5364243365384616 0.30408861057692305 0.5357875528846153 0.3027390600961538 0.5203537475961538 0.30834151682692307 0.5218755432692308 0.30917221875 0.5200413677884616 0.3099189278846154 0.5178546923076923 0.3209607908653846 0.5284769879807693 0.32417925 0.5355717091346154 0.31664854567307693 0.5431806875 0.3208020625 0.5440657019230769 0.32028321634615387 0.5447024831730769 0.32163276682692304 0.5492351249999999 0.3213164567307692
3 0.5864966442307693 0.6315351442307692 0.5871532283653846 0.6230041802884615 0.5757392451923077 0.6167297524038461 0.5751407524038462 0.5978213629807693 0.5665388605769232 0.6057754350961538 0.5735025793269231 0.6194313798076923 0.5864966442307693 0.6315351442307692
3 0.5836551177884616 0.8687517980769232 0.58434915625 0.8688364663461539 0.5847034735576924 0.8698908028846154 0.5854966586538461 0.8699875673076923 0.585751829326923 0.8710298052884615 0.5866441634615385 0.8711386634615385 0.5868001875 0.8721688100961539 0.5877916658653846 0.8722897644230769 0.5878485432692307 0.8733078149038461 0.5889391706730769 0.8734408629807693 0.5888968966346154 0.8744468173076924 0.5900866754807692 0.8745919615384616 0.58994525 0.8755858221153846 0.5912341802884615 0.8757430600961539 0.5909936081730769 0.876724826923077 0.5923816875 0.8768941610576924 0.5920419639423077 0.8778638293269231 0.5935291899038462 0.8780452620192307 0.5930903197115385 0.8790028365384616 0.5946766947115385 0.8791963581730768 0.5941386778846154 0.8801418389423077 0.5958241971153846 0.8803474591346153 0.5951870336538462 0.88128084375 0.6214337091346154 0.9099081995192309 0.626864375 0.9163644759615385 0.6298202355769231 0.9105014375 0.6214115384615385 0.9026030913461539 0.6172025096153846 0.9051999302884616 0.6035738822115385 0.890392875 0.6098954038461538 0.8875678076923077 0.6083319375 0.886765545673077 0.6088319038461538 0.886416391826923 0.60676846875 0.8859632884615384 0.6077683990384615 0.8852649759615385 0.5811808557692307 0.8564795865384615 0.576316625 0.8607787692307693 0.5794616947115384 0.8641957812500001 0.579759141826923 0.8642320673076923 0.5805100504807692 0.8653347860576923 0.5809066442307692 0.8653831658653846 0.58155840625 0.8664737908653847 0.5820541490384615 0.866534266826923 0.5826067644230769 0.8676127932692308 0.5832016514423077 0.8676853653846154 0.5836551177884616 0.8687517980769232
4 0.8493266947115384 0.15386446394230768 0.8566570288461539 0.13411992548076923 0.8448521466346153 0.12674142307692307 0.8339312115384616 0.13033191586538462 0.8260814663461539 0.1379506658653846 0.8266437115384615 0.1537503653846154 0.8493266947115384 0.15386446394230768