3 0.1890263341346154 0.8544618629807693 0.5232799375 0.8708456514423077 0.5283624062500001 0.8613718942307693 0.19410880288461538 0.844988108173077 0.1890263341346154 0.8544618629807693
4 0.5178862331730769 0.9612823461538462 0.5247758221153846 0.9628972764423077 0.5291455721153846 0.9625917139423077 0.558153391826923 0.9564914951923077 0.5515343197115384 0.9484279086538462 0.5326736682692308 0.9502929855769231 0.5178862331730769 0.9612823461538462
4 0.3021310432692308 0.6867419350961538 0.3284366658653846 0.6927667596153846 0.34384286298076927 0.6811219663461539 0.3540075408653846 0.77143865625 0.3786256995192308 0.7494516923076924 0.36563854086538466 0.6592032524038461 0.34173848557692305 0.6500460072115384 0.3021310432692308 0.6867419350961538
4 0.3441173725961538 0.7351710048076924 0.3397265817307692 0.6924937716346153 0.3252733653846154 0.6955332211538461 0.3441173725961538 0.7351710048076924
3 0.4600181418269231 0.546376045673077 0.46685095673076926 0.5601730793269231 0.4554981610576923 0.5651870649038462 0.42028176682692303 0.5352960264423077 0.40575906490384617 0.53782478125 0.4031516466346154 0.5446768100961539 0.4527517716346154 0.5710177043269231 0.4699579807692308 0.5673993100961539 0.47303858653846154 0.5536187644230769 0.4600181418269231 0.546376045673077
3 0.4683304879807692 0.36812437980769236 0.4734525889423077 0.39016079567307693 0.5219708028846154 0.37733108173076924 0.5342765793269231 0.3637117524038462 0.5261301466346153 0.34546319471153847 0.5192476634615384 0.3469105504807692 0.5093210336538462 0.3363906778846154 0.48110284615384613 0.3423248413461539 0.4683304879807692 0.36812437980769236
2 0.5825662572115384 0.44285906490384613 0.6030580961538461 0.47899846634615384 0.6402863918269232 0.4664417379807692 0.6625386129807692 0.4790973701923077 0.6987676947115384 0.4383841201923077 0.7355891177884615 0.37600866346153844 0.7170560769230769 0.3646721394230769 0.7316416634615385 0.35740238701923077 0.7301195889423078 0.35141877163461543 0.6920706754807693 0.3683505360576923 0.6754665865384616 0.41281635817307694 0.6679288798076922 0.44066692548076924 0.6396412067307692 0.44609039182692306 0.6333146057692307 0.45162331490384616 0.5825662572115384 0.44285906490384613
4 0.9275705384615385 0.4133814350961539 0.9126871971153846 0.4028533197115385 0.8867488173076924 0.4151370600961538 0.84917309375 0.42514030528846153 0.871077889423077 0.4352424567307692 0.8688873846153846 0.4451586610576923 0.8815604014423077 0.44984789663461544 0.9022707379807693 0.44076482692307695 0.9176206586538461 0.43911273076923074 0.9275705384615385 0.4133814350961539
4 0.8329697980769232 0.2956447716346154 0.7885512211538461 0.33860554086538464 0.8022599158653846 0.34570352163461543 0.8488888125 0.30858162740384615 0.8329697980769232 0.2956447716346154
3 0.6885903293269231 0.11903565144230768 0.6913367187499999 0.11320501201923078 0.6979346562500001 0.10446317788461539 0.6772872043269231 0.10880524759615384 0.6660535625 0.09908554326923077 0.6549721009615385 0.10089061778846155 0.6315584447115385 0.09530824278846153 0.6224788485576924 0.10142010817307692 0.6185710240384614 0.11432400000000001 0.6344139495192308 0.12149846875 0.6520999519230769 0.11620325240384616 0.6598228653846154 0.12613593990384617 0.67483196875 0.12718206009615385 0.6885903293269231 0.11903565144230768
4 0.32386753846153843 0.5082937716346154 0.31285556249999996 0.5106095432692308 0.30424915625 0.5097928870192308 0.30412339423076923 0.5192748870192307 0.28643739182692307 0.5245701033653846 0.2690293293269231 0.5319081009615385 0.2719345048076923 0.5428539399038461 0.29519598076923076 0.5369115336538461 0.3152180673076923 0.527973201923077 0.3287745793269231 0.5235463990384616 0.32386753846153843 0.5082937716346154
4 0.3519324951923077 0.9278916177884615 0.34823312740384615 0.9423275937500001 0.3836878293269231 0.9427512475961539 0.3857327572115385 0.9265619567307692 0.3519324951923077 0.9278916177884615
4 0.4323719567307692 0.7334213100961539 0.493520125 0.7457769158653846 0.49722609615384616 0.7365926346153846 0.42526780769230765 0.7228331923076923 0.42169419711538464 0.7277871706730769 0.4323719567307692 0.7334213100961539
4 0.8384533221153846 0.002945459134615385 0.8404683990384616 0.017755641826923078 0.8533432668269231 0.01872526923076923 0.8543591274038461 0.005378930288461538 0.8384533221153846 0.002945459134615385