3 0.2533645552884615 0.8360635937500001 0.26332321153846155 0.8388828100961538 0.2738825552884615 0.83638709375 0.28864449278846155 0.8321083221153847 0.30534991346153845 0.8092451081730769 0.31873553605769234 0.789377875 0.3285068509615385 0.7760380288461538 0.33574712740384616 0.7647311370192308 0.3395502475961539 0.7507484975961538 0.33311259375 0.7274187860576924 0.3234258581730769 0.7057652259615386 0.3103012235576923 0.6932430745192307 0.28348552884615386 0.6905645240384615 0.2705241778846154 0.7025128125000001 0.25162888461538463 0.730869125 0.24312892067307693 0.7440664350961538 0.23116773557692308 0.7628993774038462 0.22735295432692307 0.7751341298076924 0.22895306971153848 0.7885110072115384 0.23298944951923076 0.8094861370192308 0.23377747596153847 0.8203302644230769 0.23853263942307693 0.8298550360576923 0.24737303365384616 0.8319250216346153 0.2533645552884615 0.8360635937500001
4 1 0.4914292956730769 0.9886097740384615 0.4807598798076923 0.9847009567307693 0.4908186802884615 1 0.5051495552884615 1 0.4914292956730769
4 0.7095776826923077 0.8024090048076923 0.7224325985576924 0.79834403125 0.7190661490384616 0.7943484591346154 0.7082830072115385 0.7990557620192308 0.7095776826923077 0.8024090048076923
4 0.7095776826923077 0.8024090048076923 0.6983250841346155 0.7844293894230769 0.6950052884615385 0.7874253701923077 0.7075292331730769 0.8052624519230769 0.7095776826923077 0.8024090048076923
4 0.7439755552884615 0.7854336514423077 0.7342990120192308 0.7891422956730769 0.7357584350961539 0.7933516658653846 0.7454349807692308 0.7896430264423077 0.7439755552884615 0.7854336514423077
4 0.7481890817307693 0.797205641826923 0.7465649038461539 0.7921401418269232 0.7348165889423076 0.795206454326923 0.7361345913461539 0.8020554759615385 0.7481890817307693 0.797205641826923
4 0.569908548076923 0.9641253293269231 0.5600905841346153 0.9704736201923077 0.5626799350961538 0.977180108173077 0.5729688245192308 0.969904423076923 0.569908548076923 0.9641253293269231
4 0.5429273701923077 0.9723978052884615 0.5297196274038461 0.9712547475961538 0.5300724543269231 0.9764627788461537 0.5437511201923078 0.9766784423076923 0.5429273701923077 0.9723978052884615
4 0.5077057475961538 0.9850925192307692 0.49671120432692306 0.981952139423077 0.4980292043269231 0.9888011634615383 0.50935325 0.993653795673077 0.5077057475961538 0.9850925192307692
4 0.5286130288461538 0.97225340625 0.5205140096153846 0.9740359927884616 0.5211730096153846 0.9774605048076922 0.5308728798076923 0.9772476370192307 0.5286130288461538 0.97225340625
4 0.15818113701923078 0.60971865625 0.14961119471153844 0.6124286370192308 0.1518710408653846 0.6174228677884616 0.15997006249999998 0.6156402836538462 0.15818113701923078 0.60971865625
4 0.13965326923076923 0.5978022644230769 0.14262023798076923 0.5895982524038461 0.14005421634615384 0.5863875432692308 0.13581589663461538 0.5947340865384615 0.13965326923076923 0.5978022644230769
4 0.25723120432692304 0.5575079375 0.24929840384615384 0.53653234375 0.24628478125 0.5377448004807692 0.2543823341346154 0.5595765240384616 0.25723120432692304 0.5575079375
4 0.41273102884615387 0.24183676923076922 0.4037134879807692 0.24896992067307694 0.40500816586538463 0.2523231634615385 0.4154851298076923 0.24939938701923078 0.4152970528846154 0.24504748076923077 0.41273102884615387 0.24183676923076922
4 0.8040499711538461 0.15948326442307692 0.7890066514423076 0.14542702403846153 0.7855687572115385 0.15455843028846153 0.7990112259615384 0.1670449495192308 0.8040499711538461 0.15948326442307692
4 0.6576435264423076 0.9997683605769231 0.6525914278846153 0.9854665889423077 0.6492716298076923 0.9884625721153846 0.6562397475961539 0.9999257403846153 0.6576435264423076 0.9997683605769231
4 0.6534313245192307 0.7299898173076923 0.6400821586538462 0.7314864062499999 0.6409059086538461 0.7357670456730769 0.6535960745192307 0.7308459447115384 0.6534313245192307 0.7299898173076923