3 0.9303742043269231 0.798549170673077 0.9243358365384615 0.7998797692307692 0.9226421105769231 0.8005450649038461 0.9256608125000001 0.8038715600961539 0.9291948942307692 0.8078633557692307 0.9317349975961539 0.8108571995192307 0.9356741201923077 0.81451634375 0.9369995793269231 0.81451634375 0.9364474254807693 0.8135183942307692 0.9381043725961539 0.8125204471153846 0.9425966129807691 0.809193951923077 0.9500712596153846 0.8048695096153846 0.9454696490384615 0.7992144687499999 0.9434816971153845 0.7972185721153846 0.9410887091346154 0.7955553245192307 0.9368176177884616 0.7968859230769231 0.9303742043269231 0.798549170673077
3 0.3271303605769231 0.5933044591346154 0.32300686538461537 0.591973860576923 0.32035594230769227 0.591973860576923 0.3069900384615385 0.5989595 0.30525953846153847 0.5992921514423076 0.3035290360576923 0.599624798076923 0.3033078846153846 0.6016206971153847 0.3053693918269231 0.604281891826923 0.3073573389423077 0.6062777884615385 0.31166472596153844 0.6092716346153846 0.3154567355769231 0.6116001802884615 0.31825476923076923 0.6129307764423078 0.3213475072115385 0.6129307740384615 0.3216789951923077 0.6119328293269231 0.3224155240384615 0.6106022307692307 0.33224734615384616 0.599624798076923 0.33254205528846154 0.5982941995192308 0.33147452403846156 0.596630954326923 0.3271303605769231 0.5933044591346154
3 0.49412390865384614 0.017255187499999998 0.49127246153846155 0.01715561298076923 0.4152904302884615 0.01715561298076923 0.42977365384615385 0.035118682692307696 0.43809323557692303 0.046428764423076925 0.45819243750000005 0.0763672139423077 0.4645608509615385 0.08601405048076922 0.4823081730769231 0.07869575961538462 0.5250931033653846 0.06206328846153846 0.5190929567307692 0.05175115625 0.5039631442307692 0.030794240384615385 0.49412390865384614 0.017255187499999998
4 0.3475404951923077 0.1824823894230769 0.36160518509615386 0.18181709134615384 0.3611638485576923 0.17782529567307692 0.34709915625 0.17849059615384616 0.3475404951923077 0.1824823894230769
4 0.3817092043269231 0.17183760576923077 0.3661724254807692 0.1671805120192308 0.3655830120192308 0.16984170913461538 0.3801625961538461 0.17383350240384615 0.3817092043269231 0.17183760576923077
4 0.38333033894230767 0.1625234206730769 0.3687507548076923 0.1585316298076923 0.3672776995192307 0.16119282451923075 0.3820043966346154 0.1665152139423077 0.38333033894230767 0.1625234206730769
4 0.37324251442307693 0.15919692788461537 0.3841404230769231 0.16185812259615384 0.38465628124999995 0.15853162740384616 0.3738319278846154 0.15653573317307692 0.37324251442307693 0.15919692788461537
4 0.4190437331730769 0.1658499158653846 0.4032862836538461 0.15919692788461537 0.4027704254807692 0.16252342307692308 0.4176442355769231 0.1691764110576923 0.4190437331730769 0.1658499158653846
4 0.3995949735576923 0.23770219471153847 0.3898023365384615 0.22905331250000002 0.38656199999999996 0.23171450721153847 0.3972382764423077 0.24036339423076925 0.3995949735576923 0.23770219471153847
4 0.39134220192307695 0.28294252403846154 0.4063650528846154 0.2749589375 0.40098965144230764 0.2742936346153846 0.38832349759615387 0.27961602884615383 0.39134220192307695 0.28294252403846154
4 0.2876591658653846 0.3042320865384615 0.28169531490384614 0.2982443966346154 0.2783814230769231 0.3002402932692308 0.2824308798076923 0.30489738701923075 0.28743753365384617 0.3102197788461538 0.2908249807692308 0.3088891802884615 0.2876591658653846 0.3042320865384615
4 0.28800189182692304 0.5151318389423077 0.28925235096153845 0.5264419206730769 0.29271335576923074 0.5257766225961539 0.2924936466346154 0.5157971394230769 0.28800189182692304 0.5151318389423077
4 0.3827283942307692 0.2689712451923077 0.3886186899038462 0.27429363701923076 0.3928897764423077 0.27296303846153847 0.3879566802884616 0.26830594711538464 0.3827283942307692 0.2689712451923077