4 0.4971642572115385 0.9371282764423078 0.5154492740384615 0.9191261177884615 0.5095835697115384 0.9146636033653847 0.49162876682692314 0.9344545817307692 0.4971642572115385 0.9371282764423078
4 0.6986372211538462 0.9223672475961538 0.6973587475961539 0.9349505961538462 0.6979102067307692 0.9398887932692308 0.7051666514423077 0.9362778942307692 0.705737514423077 0.9198613581730769 0.6986372211538462 0.9223672475961538
4 0.5616929831730769 0.8848016394230769 0.5545601466346154 0.8851803389423077 0.5520551466346154 0.8911194783653846 0.5627308149038461 0.8904236538461539 0.5784376875 0.8877188701923077 0.5794689471153845 0.8815999206730769 0.5616929831730769 0.8848016394230769
4 0.8088823653846154 0.7899401009615384 0.8049116778846154 0.7820868221153846 0.7986572331730769 0.7833220673076924 0.7996332620192308 0.7905601875 0.8088823653846154 0.7899401009615384
4 0.26967489182692306 0.4051705456730769 0.29288213701923077 0.38651997836538465 0.2859818822115385 0.38230592548076925 0.26357331490384617 0.3994302956730769 0.26967489182692306 0.4051705456730769
3 0.24012278125 0.5435710120192307 0.2627624519230769 0.54720746875 0.2972359471153846 0.5466674326923078 0.3306895216346154 0.5445042235576923 0.3482767884615384 0.5402803197115384 0.36281893509615387 0.5293152307692307 0.3693856875 0.5258699735576923 0.39687920673076926 0.5187331514423077 0.4160166466346154 0.5112013100961538 0.4311574278846154 0.50542996875 0.44853808173076926 0.4961850432692308 0.46293870673076926 0.48445331490384613 0.46374543990384615 0.46931450721153845 0.45912565625 0.4501414567307692 0.45891575721153843 0.4392499519230769 0.4553988966346154 0.4299533028846154 0.4428216322115385 0.42229892067307695 0.42365970432692307 0.41409096153846153 0.40279144951923074 0.4102959423076923 0.38032584375 0.4095533173076923 0.3581758317307692 0.4124711658653846 0.3500409927884615 0.41522552163461535 0.3422005432692308 0.41177102884615385 0.3396044807692308 0.4230695600961539 0.3476449711538461 0.4198041081730769 0.35504622355769233 0.4228303317307692 0.3840526033653846 0.4297414735576923 0.39502594711538463 0.42870728125 0.40474679326923074 0.4306426610576923 0.42575985576923076 0.44107479807692307 0.4482320336538462 0.45355838701923074 0.45177815144230765 0.45911174759615386 0.4449170168269231 0.4687658557692308 0.4308612379807692 0.4804147596153846 0.4101410769230769 0.4891273461538462 0.39520690625 0.49991971394230766 0.38588465865384614 0.5098980240384615 0.37058443509615385 0.510903889423077 0.34625307211538464 0.5098087355769231 0.29893718028846156 0.5051599471153846 0.2612803341346154 0.5040626370192307 0.22296962259615385 0.5111286442307692 0.1938282908653846 0.5151918293269231 0.16168901923076923 0.5127693725961538 0.10978441105769231 0.5164283004807693 0.09570743028846153 0.5182078894230769 0.09143101442307693 0.5243055937500001 0.08869343028846154 0.534837485576923 0.0914441610576923 0.5477875216346153 0.09218760817307693 0.5596183918269231 0.08683275721153846 0.5715794951923077 0.09473172355769231 0.56754740625 0.1633419206730769 0.5529375504807692 0.20531906971153846 0.5423222211538461 0.22155948557692307 0.540556798076923 0.24012278125 0.5435710120192307
4 0.33450638701923074 0.3896000817307692 0.3395734158653846 0.3955887932692308 0.34432486298076925 0.3979170336538462 0.3524450721153846 0.39703432211538464 0.35852544711538464 0.39290524759615386 0.36215934375000003 0.38722873557692306 0.35735743990384616 0.37877446153846156 0.3503482091346154 0.37592096875000003 0.34064527884615386 0.37798442548076927 0.33486257451923074 0.3817751298076923 0.33450638701923074 0.3896000817307692
3 0.49662635096153845 0.4523437740384615 0.4933665673076923 0.4541941754807692 0.49338448076923075 0.4581930144230769 0.4974641466346154 0.4646857355769231 0.5075119206730769 0.4625394543269231 0.5035412331730769 0.45468618028846153 0.49662635096153845 0.4523437740384615
3 0.5209278245192308 0.34402694951923074 0.5247390721153846 0.34711475240384615 0.5177689591346154 0.3581294110576923 0.5261722115384615 0.35877997596153843 0.5282493581730769 0.3446704326923077 0.5318068197115384 0.34248166586538464 0.5343330240384615 0.34641184375 0.5329243701923077 0.3504864206730769 0.5375928100961539 0.3445614423076923 0.53536428125 0.34029289903846155 0.5255198293269231 0.34158971634615387 0.5209278245192308 0.34402694951923074
4 0.10983784134615385 0.47184717788461533 0.11270888942307693 0.4756945360576923 0.12877523798076923 0.47103528125000005 0.1264377355769231 0.46812728605769227 0.11624843509615385 0.4695069302884616 0.10983784134615385 0.47184717788461533
4 0.22958174278846155 0.47671487740384616 0.23608816826923076 0.4495321442307692 0.22856330769230768 0.4497381201923077 0.22147616346153848 0.47572594230769233 0.22958174278846155 0.47671487740384616
4 0.2955628004807692 0.6663628413461539 0.2994000216346154 0.6598368653846154 0.29253560096153847 0.6636204903846153 0.28384930048076923 0.6614366466346154 0.2784911658653846 0.6675272692307692 0.2803455889423077 0.6756219278846154 0.2910212596153846 0.6749261033653846 0.2955628004807692 0.6663628413461539
4 0.3041995985576923 0.8321535600961538 0.3009365264423077 0.8281334783653846 0.2766150168269231 0.8446497692307692 0.28080365625000003 0.8497819423076923 0.3041995985576923 0.8321535600961538