3 0.9606922764423077 0.06156395913461539 0.8946815576923076 0.05733380048076923 0.8935471658653846 0.06566976442307693 0.8873707355769231 0.08129205048076923 0.8993924975961539 0.11932323557692308 0.9222126153846154 0.17103935096153847 0.9445784086538461 0.22031118990384616 0.9572974903846153 0.248030625 0.9640405865384616 0.25248111298076925 0.9753364663461539 0.24716611057692306 0.9812086466346154 0.103111125 0.9606922764423077 0.06156395913461539
4 0.7085898509615384 0.4717482115384615 0.7072694399038462 0.4905505697115385 0.7113583533653846 0.5125490961538461 0.7181059014423077 0.5236851442307692 0.7272893774038462 0.5294221466346154 0.7482565697115385 0.5178766514423077 0.7693766875 0.5093744375 0.7900132836538462 0.4923494230769231 0.8209176947115384 0.4476657908653846 0.8280681009615385 0.42173980048076926 0.8247799447115385 0.3936869014423077 0.8131021418269231 0.38119192067307694 0.7977917259615384 0.3898631129807692 0.7792941153846153 0.4087736370192308 0.7554252884615384 0.4439376322115385 0.7281198365384616 0.45469101442307697 0.7085898509615384 0.4717482115384615
4 0.8310187283653847 0.4716624783653846 0.7970696586538462 0.40078190865384616 0.779464858173077 0.43855916346153845 0.7836819495192308 0.4642080120192308 0.8087895216346154 0.5141673629807693 0.8310187283653847 0.4716624783653846
3 0.44339442307692306 0.5223805456730769 0.4431291538461538 0.5017087668269231 0.4223332043269231 0.46828451923076925 0.4099739158653846 0.45212311778846154 0.3976933173076923 0.44082613701923073 0.38828020192307694 0.4679018461538461 0.3750929326923077 0.4924367235576923 0.3807878125 0.5090120576923077 0.39748346875 0.541101514423077 0.40871585817307693 0.5645233389423077 0.4227508990384615 0.5667548509615384 0.42966275480769234 0.5602704519230769 0.43381699759615383 0.5670767115384615 0.43799153125 0.5665903605769231 0.44579867548076924 0.5449378365384615 0.44385765384615383 0.5381959471153845 0.44013744711538466 0.5411265793269231 0.4383448942307692 0.5307424110576924 0.44339442307692306 0.5223805456730769
4 0.36911248798076923 0.46248221875 0.3699152259615385 0.49714825961538456 0.37827765144230774 0.5162322451923077 0.38945163701923075 0.5274970432692307 0.38051116346153846 0.5090040120192307 0.3743619543269231 0.4899843942307692 0.3860174903846154 0.46905156971153844 0.37713541105769227 0.4627155673076923 0.36911248798076923 0.46248221875
3 0.3599913822115385 0.2106015721153846 0.3532933245192308 0.1982514278846154 0.34151653846153845 0.18818463221153847 0.3314085793269231 0.19153723798076921 0.32366676442307696 0.19799750000000002 0.31696177403846154 0.21299664903846155 0.3261383221153846 0.24608294471153844 0.33623489903846154 0.26339406971153845 0.3474831225961538 0.2728377235576923 0.3570536201923077 0.25549085336538463 0.3616082379807692 0.2592699230769231 0.3599913822115385 0.2106015721153846
4 0.22771831490384614 0.4589775096153846 0.2154891826923077 0.48718685336538464 0.22057681971153847 0.49827462740384615 0.23388781250000001 0.47070451682692305 0.22771831490384614 0.4589775096153846
4 0.24197606490384616 0.4557456009615385 0.23974255528846153 0.4629738365384615 0.24862017788461538 0.4626242788461538 0.24197606490384616 0.4557456009615385
4 0.6624061754807692 0.9116434759615385 0.6581326610576923 0.9145580144230769 0.6693200144230769 0.9458794951923076 0.6725611538461538 0.9411116322115384 0.6624061754807692 0.9116434759615385
4 0.7652031514423077 0.3603502379807692 0.7762578677884615 0.38133582932692306 0.7741213629807693 0.3454154639423077 0.7618249254807693 0.3480966514423077 0.7652031514423077 0.3603502379807692
4 0.14691946875 0.20561987019230768 0.15031798798076923 0.21058084855769232 0.15600396634615385 0.21378506009615383 0.16424959615384616 0.2085549855769231 0.1622838269230769 0.2024201442307692 0.1529810793269231 0.2064039375 0.14928116105769232 0.20204196153846155 0.14691946875 0.20561987019230768