3 0.9436666658653846 0.1745 0.9570000000000001 0.17425 0.9676666658653846 0.17099999999999999 0.9733333341346154 0.161 0.9493333341346154 0.16075 0.9440000000000001 0.165 0.9410000000000001 0.17074999999999999 0.9436666658653846 0.1745
3 0.912 0.18725 0.9400000000000001 0.19525 0.963 0.18575000000000003 0.9420000000000001 0.17625 0.9263333341346154 0.17425 0.902 0.183 0.912 0.18725
3 0.848 0.22175 0.8613333341346153 0.23299999999999998 0.869 0.22874999999999998 0.874 0.2225 0.8766666658653846 0.2155 0.8633333341346153 0.206 0.856 0.20350000000000001 0.8513333341346154 0.206 0.848 0.20975 0.8360000000000001 0.21225000000000002 0.848 0.22175
3 0.7943333341346153 0.22325 0.798 0.23274999999999998 0.8063333341346154 0.232 0.7996666658653846 0.238 0.7909999999999999 0.24350000000000002 0.7893333341346154 0.25425 0.799 0.2605 0.8140000000000001 0.26675 0.8216666658653846 0.26675 0.83 0.2715 0.8463333341346153 0.26925 0.8546666658653846 0.26325 0.8576666658653846 0.25675000000000003 0.853 0.24400000000000002 0.841 0.23725 0.8326666658653846 0.22849999999999998 0.825 0.22474999999999998 0.8176666658653846 0.22675 0.821 0.218 0.8063333341346154 0.212 0.801 0.21125 0.7939999999999999 0.21825 0.7943333341346153 0.22325
3 0.6646666658653846 0.40875 0.6683333341346154 0.40275000000000005 0.6706666658653847 0.399 0.6819999999999999 0.39649999999999996 0.6843333341346154 0.392 0.6963333341346154 0.3935 0.6856666658653846 0.375 0.6493333341346154 0.38225 0.6463333341346154 0.38625000000000004 0.6566666658653847 0.40075 0.6646666658653846 0.40875
3 0.636 0.43225 0.6416666658653847 0.45425 0.644 0.462 0.6296666658653846 0.4735 0.6343333341346155 0.47975 0.6173333341346154 0.48675 0.6233333341346154 0.495 0.636 0.48850000000000005 0.641 0.489 0.6593333341346154 0.486 0.6813333341346154 0.4845 0.6829999999999999 0.48124999999999996 0.678 0.47575 0.6666666658653846 0.46175 0.6586666658653846 0.44899999999999995 0.66 0.43 0.6546666658653847 0.4315 0.6443333341346154 0.4295 0.636 0.43225
3 0.5526666658653846 0.43125 0.5549999999999999 0.44175 0.5476666658653846 0.44825000000000004 0.5573333341346154 0.45899999999999996 0.5703333341346154 0.46225 0.5703333341346154 0.45799999999999996 0.58 0.45325 0.5826666658653846 0.44899999999999995 0.59 0.44475 0.6016666658653846 0.446 0.621 0.439 0.6296666658653846 0.4375 0.6336666658653846 0.435 0.6373333341346155 0.432 0.6446666658653846 0.4295 0.6533333341346155 0.431 0.6586666658653846 0.4295 0.6593333341346154 0.422 0.6479999999999999 0.41650000000000004 0.6343333341346155 0.41525 0.626 0.414 0.6213333341346154 0.40875 0.6166666658653847 0.40700000000000003 0.612 0.41325 0.5843333341346153 0.414 0.5756666658653846 0.41575 0.5656666658653846 0.421 0.5526666658653846 0.43125
3 0.6555213677884615 0.43921153846153843 0.6588888894230769 0.43925000000000003 0.6596666658653846 0.43875000000000003 0.6605726490384616 0.43926923076923075 0.6613333341346154 0.43815 0.6622564110576923 0.4392884615384615 0.6824615384615385 0.4395192307692308 0.6838333341346154 0.439125 0.684145298076923 0.43953846153846154 0.6853333341346153 0.43991666586538464 0.6858290600961539 0.4395576923076923 0.6875128197115384 0.4395769230769231 0.6868333341346153 0.44070833413461535 0.6883333341346154 0.44149999999999995 0.6937083341346154 0.44084375 0.6942478629807692 0.4396538461538461 0.6954999999999999 0.44062500000000004 0.695931625 0.4396730769230769 0.6972916658653846 0.44040625 0.6976153846153846 0.4396923076923077 0.6990833341346154 0.4401875 0.6992991442307692 0.43971153846153843 0.700875 0.43996874999999996 0.7009829062499999 0.4397307692307692 0.7026666658653846 0.43975000000000003 0.6886666658653847 0.4215 0.661 0.431 0.6598888894230769 0.4374583341346154 0.6538376081730769 0.4391923076923077 0.637 0.439 0.6297777788461538 0.44275 0.6283333341346153 0.4435 0.637 0.456 0.6406666658653847 0.45325 0.6555213677884615 0.43921153846153843
3 0.43233333413461533 0.45325 0.42433333413461544 0.455 0.4293333341346154 0.45775 0.43400000000000005 0.46375 0.4353333341346154 0.46799999999999997 0.4473333341346154 0.481 0.456 0.49375 0.46466666586538463 0.5085 0.474 0.5055000000000001 0.494 0.49724999999999997 0.4926666658653846 0.493 0.48866666586538465 0.492 0.48866666586538465 0.48225 0.495 0.482 0.5043333341346155 0.4745 0.5086666658653847 0.48850000000000005 0.513 0.486 0.514 0.481 0.5206666658653846 0.481 0.513 0.47025 0.507 0.46275 0.5006666658653847 0.45775 0.49433333413461533 0.4485 0.489 0.445 0.4843333341346154 0.44099999999999995 0.473 0.44200000000000006 0.46366666586538463 0.44475 0.4516666658653846 0.44575 0.43233333413461533 0.45325
3 0.4363333341346154 0.3885 0.424 0.39375000000000004 0.41666666586538464 0.39375000000000004 0.40333333413461536 0.39699999999999996 0.413 0.413 0.40900000000000003 0.42375 0.4223333341346154 0.42275 0.423 0.41975 0.4313333341346154 0.41774999999999995 0.43400000000000005 0.415 0.44 0.413 0.445 0.421 0.45733333413461535 0.41924999999999996 0.46966666586538464 0.41475 0.48166666586538465 0.40750000000000003 0.4906666658653846 0.40249999999999997 0.477 0.37825000000000003 0.46499999999999997 0.38475000000000004 0.451 0.38799999999999996 0.4363333341346154 0.3885
3 0.41566666586538464 0.34525 0.40666666586538464 0.34925 0.40599999999999997 0.357 0.4046666658653846 0.36200000000000004 0.40933333413461537 0.36825 0.41600000000000004 0.36825 0.4203333341346154 0.37575000000000003 0.42 0.38225 0.4236666658653846 0.391 0.4353333341346154 0.38825 0.4416666658653846 0.384 0.44266666586538467 0.37849999999999995 0.448 0.37825000000000003 0.452 0.38025 0.4633333341346154 0.3835 0.4703333341346154 0.37849999999999995 0.47433333413461537 0.37174999999999997 0.47433333413461537 0.3665 0.473 0.35674999999999996 0.4703333341346154 0.35175 0.46900000000000003 0.34375 0.46266666586538463 0.33875 0.45799999999999996 0.33375 0.44999999999999996 0.33275 0.4406666658653846 0.33025 0.432 0.33025 0.423 0.33125000000000004 0.41700000000000004 0.335 0.41566666586538464 0.34525
3 0.2793333341346154 0.4105 0.28433333413461537 0.41800000000000004 0.3373333341346154 0.45275 0.34600000000000003 0.455 0.36466666586538465 0.4535 0.38699999999999996 0.44575 0.39633333413461536 0.43775000000000003 0.40166666586538463 0.42925 0.4083333341346154 0.4235 0.4136666658653846 0.412 0.40333333413461536 0.39699999999999996 0.39433333413461535 0.39175 0.37733333413461534 0.38799999999999996 0.365 0.37224999999999997 0.3843333341346154 0.36625 0.38 0.36025 0.359 0.3565 0.3496666658653846 0.36200000000000004 0.33566666586538463 0.37899999999999995 0.322 0.37274999999999997 0.315 0.365 0.3296666658653846 0.35825 0.3283333341346154 0.35125 0.30799999999999994 0.3515 0.292 0.36374999999999996 0.299 0.374 0.30166666586538465 0.3855 0.27733333413461536 0.3815 0.2646666658653846 0.38275 0.2583333341346154 0.38975 0.2673333341346154 0.4 0.27233333413461536 0.40700000000000003 0.2793333341346154 0.4105
3 0.2536666658653846 0.5872499999999999 0.2513333341346154 0.5905 0.2456666658653846 0.59175 0.23666666586538462 0.6012500000000001 0.22899999999999998 0.60175 0.2303333341346154 0.5975 0.2186666658653846 0.5965 0.20400000000000001 0.60325 0.20299999999999999 0.611 0.1953333341346154 0.60525 0.19 0.6104999999999999 0.1833333341346154 0.6194999999999999 0.1876666658653846 0.627 0.187 0.637 0.1813333341346154 0.64175 0.17266666586538462 0.65425 0.17266666586538462 0.66125 0.18266666586538463 0.6617500000000001 0.199 0.65025 0.20633333413461538 0.6375 0.20633333413461538 0.64625 0.20900000000000002 0.6492500000000001 0.2206666658653846 0.6509999999999999 0.23299999999999998 0.64775 0.23533333413461538 0.6595 0.24000000000000002 0.662 0.2673333341346154 0.64225 0.28966666586538464 0.62225 0.2956666658653846 0.61175 0.29300000000000004 0.6072500000000001 0.2906666658653846 0.58775 0.27966666586538463 0.5815 0.27966666586538463 0.5760000000000001 0.27399999999999997 0.57475 0.26933333413461535 0.5802499999999999 0.2536666658653846 0.5872499999999999
3 0.22866666586538462 0.5335 0.2206666658653846 0.538 0.222 0.5469999999999999 0.20933333413461538 0.5515 0.199 0.54975 0.19399999999999998 0.55325 0.19399999999999998 0.5670000000000001 0.19766666586538462 0.5770000000000001 0.20633333413461538 0.583 0.23233333413461538 0.58075 0.23466666586538462 0.57725 0.2263333341346154 0.57175 0.2183333341346154 0.5622499999999999 0.21933333413461537 0.55775 0.2236666658653846 0.5525 0.2433333341346154 0.5535 0.2503333341346154 0.562 0.257 0.5625 0.26033333413461535 0.56925 0.2716666658653846 0.57275 0.27666666586538463 0.56175 0.2716666658653846 0.5475 0.264 0.54025 0.2543333341346154 0.5389999999999999 0.22866666586538462 0.5335
3 0.27899999999999997 0.68775 0.27399999999999997 0.6940000000000001 0.28633333413461537 0.7080000000000001 0.3003333341346154 0.7080000000000001 0.307 0.69425 0.3073333341346154 0.68625 0.313 0.6792499999999999 0.33333333413461536 0.6715 0.34199999999999997 0.66625 0.34600000000000003 0.66625 0.34566666586538464 0.655 0.34700000000000003 0.6472499999999999 0.349 0.6405 0.3286666658653846 0.6405 0.2973333341346154 0.6377499999999999 0.28800000000000003 0.6587500000000001 0.27899999999999997 0.68775
3 0.571 0.658 0.56 0.65825 0.545 0.66625 0.5373333341346154 0.661 0.5263333341346154 0.662 0.5126666658653846 0.6587500000000001 0.507 0.6535 0.5 0.6545 0.49600000000000005 0.6577500000000001 0.4853333341346154 0.6575 0.46833333413461536 0.65625 0.4613333341346154 0.6605 0.463 0.66875 0.47533333413461537 0.68375 0.485 0.69225 0.4883333341346154 0.69675 0.497 0.7 0.5043333341346155 0.70525 0.5056666658653847 0.72725 0.508 0.7412500000000001 0.5143333341346155 0.744 0.5273333341346154 0.745 0.533 0.7417499999999999 0.546 0.737 0.546 0.73225 0.553 0.7252500000000001 0.5670000000000001 0.718 0.5706666658653846 0.7132499999999999 0.5803333341346154 0.7055 0.5823333341346154 0.699 0.5866666658653846 0.6982499999999999 0.5936666658653846 0.6927500000000001 0.597 0.6825 0.5966666658653846 0.66925 0.5973333341346154 0.6617500000000001 0.5926666658653846 0.6575 0.582 0.659 0.571 0.658
3 0.489 0.5655 0.515 0.60175 0.528 0.6024999999999999 0.5436666658653846 0.5934999999999999 0.5680000000000001 0.57475 0.5856666658653846 0.59875 0.5873333341346154 0.60525 0.583 0.643 0.5703333341346154 0.6565 0.581 0.659 0.5933333341346153 0.65825 0.5973333341346154 0.661 0.5973333341346154 0.67125 0.5973333341346154 0.6819999999999999 0.6076666658653846 0.657 0.621 0.61475 0.621 0.592 0.6133333341346154 0.5862499999999999 0.6096666658653846 0.5705 0.601 0.56025 0.6013333341346153 0.54075 0.592 0.533 0.58 0.5345 0.5356666658653846 0.522 0.5083333341346153 0.5237499999999999 0.4486666658653846 0.53525 0.4313333341346154 0.54075 0.44133333413461534 0.565 0.4556666658653846 0.57625 0.489 0.5655
3 0.538 0.49774999999999997 0.5479999999999999 0.514 0.5533333341346154 0.52075 0.553 0.527 0.566 0.52925 0.566 0.515 0.584 0.5095 0.5843333341346153 0.4945 0.5850000000000001 0.48325 0.5813333341346154 0.46675 0.5646666658653846 0.47050000000000003 0.5446666658653846 0.48050000000000004 0.541 0.48924999999999996 0.538 0.49774999999999997
3 0.625 0.5255 0.6186666658653847 0.5315000000000001 0.6106666658653845 0.53725 0.6026666658653845 0.541 0.604 0.5555 0.604 0.56025 0.627 0.55725 0.6383333341346155 0.5559999999999999 0.638 0.5505 0.6479999999999999 0.5479999999999999 0.6556666658653847 0.55125 0.66 0.55325 0.6606666658653846 0.5425 0.655 0.5377500000000001 0.6473333341346154 0.53325 0.642 0.53525 0.6499999999999999 0.5399999999999999 0.6446666658653846 0.545 0.6336666658653846 0.5465 0.6276666658653846 0.543 0.6156666658653845 0.54125 0.6153333341346154 0.5367500000000001 0.6196666658653847 0.5315000000000001 0.63 0.53025 0.636 0.525 0.6393333341346155 0.5305 0.6453333341346154 0.5305 0.6463333341346154 0.527 0.639 0.51875 0.6403333341346154 0.516 0.631 0.50825 0.628 0.516 0.6236666658653847 0.52175 0.625 0.5255
4 0.53 0.43775000000000003 0.5046666658653846 0.46175 0.5273333341346154 0.47325000000000006 0.5493333341346154 0.45425 0.53 0.43775000000000003
3 0.3613333341346153 0.7015 0.3616666658653846 0.7055 0.38066666586538467 0.716 0.439 0.7294999999999999 0.44833333413461535 0.7100000000000001 0.4556666658653846 0.70675 0.45866666586538457 0.69775 0.45933333413461536 0.6865 0.44133333413461534 0.6890000000000001 0.44133333413461534 0.6950000000000001 0.43299999999999994 0.69775 0.421 0.6920000000000001 0.41633333413461543 0.6890000000000001 0.40666666586538464 0.68725 0.40066666586538463 0.6835 0.41533333413461543 0.68325 0.421 0.674 0.413 0.66875 0.411 0.67175 0.40433333413461536 0.65725 0.39966666586538463 0.64475 0.392 0.6375 0.34066666586538463 0.6757500000000001 0.34600000000000003 0.6825 0.35466666586538464 0.698 0.3613333341346153 0.7015
3 0.34600000000000003 0.66675 0.34466666586538464 0.67225 0.39333333413461535 0.63725 0.399 0.64475 0.40433333413461536 0.657 0.41066666586538464 0.6715 0.413 0.6685 0.4216666658653846 0.6747500000000001 0.414 0.66575 0.412 0.661 0.4183333341346154 0.66225 0.43299999999999994 0.66 0.435 0.6652500000000001 0.43400000000000005 0.672 0.4393333341346154 0.673 0.4443333341346154 0.6797500000000001 0.4536666658653846 0.6822499999999999 0.4406666658653846 0.66225 0.422 0.6415 0.378 0.6265000000000001 0.35666666586538465 0.6305000000000001 0.35300000000000004 0.6395 0.34700000000000003 0.64675 0.34600000000000003 0.66675
3 0.481 0.81225 0.4903333341346154 0.8145 0.5309999999999999 0.8089999999999999 0.5443333341346154 0.80825 0.5596666658653846 0.80925 0.5806666658653846 0.8042499999999999 0.6006666658653846 0.7889999999999999 0.587 0.787 0.581 0.7775 0.5726666658653846 0.7739999999999999 0.562 0.7705000000000001 0.5553333341346154 0.7607499999999999 0.5373333341346154 0.75675 0.52 0.75425 0.506 0.755 0.4956666658653846 0.7729999999999999 0.49 0.781 0.48800000000000004 0.79525 0.481 0.81225
3 0.4 0.6337499999999999 0.4226666658653846 0.64125 0.4306666658653846 0.6487499999999999 0.4343333341346154 0.642 0.44033333413461534 0.641 0.443 0.635 0.4516666658653846 0.6357499999999999 0.4526666658653846 0.64025 0.44933333413461535 0.642 0.45699999999999996 0.6487499999999999 0.4603333341346154 0.6465000000000001 0.45933333413461536 0.624 0.47200000000000003 0.61925 0.473 0.58275 0.4206666658653846 0.58175 0.40533333413461536 0.584 0.40066666586538463 0.601 0.4 0.6337499999999999
3 0.4603333341346154 0.624 0.4603333341346154 0.6302500000000001 0.47366666586538464 0.64325 0.481 0.639 0.46633333413461536 0.6335 0.46699999999999997 0.628 0.481 0.62775 0.491 0.6345 0.5246666658653847 0.6184999999999999 0.49 0.56625 0.4436666658653846 0.581 0.47200000000000003 0.58225 0.47233333413461537 0.6194999999999999 0.4603333341346154 0.624
3 0.3083333341346154 0.584 0.3126666658653846 0.59225 0.3093333341346154 0.59975 0.2993333341346154 0.61575 0.3093333341346154 0.62425 0.313 0.6167499999999999 0.3216666658653846 0.61475 0.3353333341346154 0.61125 0.32333333413461535 0.60275 0.33666666586538463 0.59675 0.34933333413461537 0.59475 0.357 0.59725 0.352 0.60625 0.3706666658653846 0.61 0.37266666586538466 0.59625 0.3846666658653846 0.591 0.3893333341346154 0.59575 0.3786666658653846 0.60525 0.3683333341346154 0.6197499999999999 0.38766666586538456 0.61825 0.38799999999999996 0.61 0.3893333341346154 0.6072500000000001 0.3886666658653847 0.59875 0.3936666658653846 0.5945 0.4003333341346154 0.60175 0.41333333413461537 0.56425 0.40233333413461536 0.5635 0.38 0.564 0.3746666658653846 0.56775 0.34400000000000003 0.5725 0.29766666586538465 0.5802499999999999 0.3083333341346154 0.584
3 0.1616666658653846 0.70075 0.1533333341346154 0.705 0.1642962956730769 0.7123333341346154 0.163 0.71505 0.1603333341346154 0.7168500000000001 0.16027777884615385 0.7185833341346155 0.159 0.71775 0.14533333413461538 0.7212500000000001 0.15366666586538463 0.722 0.16233333413461537 0.7277500000000001 0.176 0.728 0.176 0.72175 0.16666666586538462 0.72275 0.16155555528846152 0.7194166658653847 0.1643333341346154 0.7141500000000001 0.16566666586538462 0.7132499999999999 0.16305555528846155 0.7000416658653846 0.17416666586538462 0.6943750000000001 0.17533333413461538 0.6944583341346154 0.1853333341346154 0.7055 0.1908333341346154 0.70475 0.19966666586538462 0.71575 0.19888888942307695 0.7145 0.20020370432692308 0.7145555552884615 0.20933333413461538 0.69425 0.207 0.68475 0.21033333413461539 0.6799999999999999 0.168 0.6705 0.17833333413461538 0.69225 0.17333333413461538 0.69225 0.17433333413461538 0.6933541658653847 0.1616666658653846 0.70075
3 0.264 0.7857500000000001 0.26933333413461535 0.802 0.28500000000000003 0.7865000000000001 0.2726666658653846 0.777 0.259 0.768 0.218 0.76525 0.216 0.7777499999999999 0.24233333413461539 0.78025 0.264 0.7857500000000001
3 0.267 0.801 0.265 0.8202499999999999 0.2556666658653846 0.829 0.29 0.8372499999999999 0.30900000000000005 0.824 0.3066666658653846 0.81075 0.318 0.8034999999999999 0.321 0.7837500000000001 0.31633333413461534 0.7817500000000001 0.27366666586538463 0.7759999999999999 0.28400000000000003 0.78725 0.272 0.8007500000000001 0.267 0.801
3 0.3707562716346154 0.7658467740384616 0.3704 0.76755 0.38533333413461535 0.78225 0.398 0.7929999999999999 0.414 0.7975 0.4326666658653846 0.79825 0.4523333341346154 0.8007500000000001 0.4536666658653846 0.79725 0.4443333341346154 0.795 0.44 0.79675 0.436 0.7915 0.4288571418269231 0.7857142860576923 0.42938095192307696 0.7845 0.4396666658653846 0.783 0.4316666658653846 0.76525 0.42566666586538465 0.7605 0.42566666586538465 0.7447499999999999 0.43 0.74075 0.43075 0.7395937499999999 0.4305197139423077 0.7384112908653846 0.4315 0.7384375 0.43225 0.73728125 0.4333655913461539 0.7371048389423076 0.43299999999999994 0.736125 0.43374999999999997 0.7349687500000001 0.43478853125 0.7364516129807692 0.4419032259615384 0.7331854831730769 0.4416 0.73225 0.44332616586538465 0.7325322572115385 0.4447491033653846 0.73187903125 0.4453333341346154 0.73275 0.4546666658653846 0.73975 0.46499999999999997 0.7395 0.4828787884615385 0.739954545673077 0.4835833341346154 0.7388125 0.4846666658653846 0.74 0.48225 0.7348125000000001 0.4860833341346154 0.7339374999999999 0.4865555552884615 0.73275 0.48800000000000004 0.7335 0.4956666658653846 0.7270000000000001 0.5 0.73025 0.506 0.7294999999999999 0.4964444447115385 0.7256666658653846 0.5003333341346153 0.719 0.4926666658653846 0.719 0.4914166658653846 0.7179374999999999 0.49600000000000005 0.7162499999999999 0.5016666658653846 0.70575 0.4902831538461539 0.7109758076923077 0.48966666586538465 0.7114999999999999 0.48886021394230766 0.71162903125 0.48866666586538465 0.713125 0.4874372764423077 0.7122822572115385 0.48459139903846155 0.7135887091346155 0.48322222115384617 0.713 0.4853333341346154 0.70175 0.4766666658653846 0.7045 0.46733333413461536 0.7122499999999999 0.45899999999999996 0.704 0.4536666658653846 0.70775 0.44833333413461535 0.7097499999999999 0.4383333341346154 0.729 0.414 0.7250000000000001 0.4046666658653846 0.73125 0.40226666586538457 0.742725 0.40125925961538467 0.7428611105769231 0.3886666658653847 0.7235 0.382 0.7202500000000001 0.3756666658653846 0.72375 0.3683333341346154 0.73425 0.35033333413461537 0.7545000000000001 0.36933333413461533 0.7665 0.3707562716346154 0.7658467740384616
3 0.18566666586538463 0.53625 0.197 0.545 0.2026666658653846 0.54975 0.2226666658653846 0.5457500000000001 0.2206666658653846 0.53625 0.2196666658653846 0.5275 0.193 0.47900000000000004 0.16699999999999998 0.48525 0.1633333341346154 0.49225 0.17933333413461539 0.51925 0.18566666586538463 0.53625
3 0.23004762019230768 0.47492857211538464 0.22993939423076923 0.47590909134615383 0.24303030288461538 0.479545454326923 0.23933333413461538 0.48575 0.2410317451923077 0.48575 0.24055555528846154 0.48675 0.2466666658653846 0.49175 0.2573333341346154 0.49375 0.264 0.49355 0.264375 0.4925625 0.2656666658653846 0.4935 0.26480952403846153 0.48575 0.275 0.48575 0.2953333341346154 0.48074999999999996 0.31 0.48725 0.3076666658653846 0.47425 0.27399999999999997 0.474 0.2486428581730769 0.4745357139423077 0.25 0.47250000000000003 0.25 0.46799999999999997 0.23066666586538462 0.46424999999999994 0.22666666586538461 0.475 0.22835714182692307 0.47496428605769225 0.22830303125 0.47545454567307693 0.23004762019230768 0.47492857211538464
3 0.27899999999999997 0.33175000000000004 0.261 0.31575000000000003 0.23066666586538462 0.338 0.25 0.337 0.267 0.3295 0.27899999999999997 0.33175000000000004
3 0.19233333413461537 0.92075 0.175 0.9075 0.1543333341346154 0.9145000000000001 0.16366666586538464 0.9369999999999999 0.183 0.927 0.19233333413461537 0.92075
3 0.497 0.6345 0.497 0.646 0.512 0.63875 0.5353333341346154 0.64375 0.5366666658653846 0.6234999999999999 0.5399999999999999 0.6170000000000001 0.5363333341346154 0.5992500000000001 0.528 0.60275 0.5146666658653847 0.60275 0.5243333341346154 0.61925 0.497 0.6345
3 0.37966666586538456 0.526 0.37033333413461544 0.52075 0.35 0.5389999999999999 0.3576666658653846 0.53925 0.361 0.54325 0.37966666586538456 0.526
3 0.331 0.57475 0.34066666586538463 0.5605 0.3306666658653846 0.55125 0.314 0.5495 0.3143333341346154 0.563 0.3143333341346154 0.57725 0.331 0.57475
3 0.301 0.608 0.3106666658653846 0.592 0.3023333341346154 0.5825 0.28233333413461537 0.5805 0.28933333413461537 0.588 0.29366666586538465 0.606 0.301 0.608