4 0.9564357836538462 0.7268108485576923 0.9464626586538463 0.701822860576923 0.9395049951923077 0.705473235576923 0.9513953221153847 0.7309114038461538 0.9564357836538462 0.7268108485576923
4 0.9323558822115385 0.6434047115384616 0.9296547740384615 0.6503191899038462 0.9344666442307693 0.6552234350961539 0.9383813701923077 0.6448195649038462 0.9424731971153846 0.6287957307692308 0.9368472163461538 0.6252100697115384 0.9323558822115385 0.6434047115384616
4 0.9951524086538461 0.1531400769230769 0.9992903701923077 0.18021829567307693 0.9994559759615385 0.15175329326923076 0.9951524086538461 0.1531400769230769
4 0.9448684110576924 0.3689270072115385 0.9353640961538462 0.3693373413461538 0.9338916947115384 0.37578545913461536 0.9414939110576923 0.37794798557692305 0.9448684110576924 0.3689270072115385
4 0.33053127644230773 0.7153411274038461 0.32203810336538463 0.6854165360576924 0.31488068509615386 0.6901523173076923 0.3222041850961539 0.7186699447115384 0.33053127644230773 0.7153411274038461
3 0.4550956826923077 0.8023380240384616 0.46846942548076925 0.782454704326923 0.4828041875 0.7495867716346154 0.49508858173076925 0.7169922596153846 0.4984843725961538 0.6985403701923077 0.49387843990384617 0.6800967692307692 0.49329292067307695 0.6724105528846154 0.4980718798076923 0.6433377908653846 0.49885443509615385 0.6220076682692308 0.4996596298076923 0.6052120961538462 0.4979847620192308 0.5848146875 0.4925571730769231 0.5661781514423077 0.4778854158653846 0.5589586923076924 0.4568703485576923 0.5551564278846154 0.4459739567307693 0.5507106514423077 0.43523337740384616 0.550075826923077 0.42221384134615386 0.5587192211538462 0.40580470432692306 0.5733605576923076 0.3930377668269231 0.5914991754807692 0.3826101778846154 0.6124517235576923 0.37595040625 0.6346664302884615 0.37517404567307694 0.6435426057692308 0.3683646490384615 0.6494924110576924 0.3784544831730769 0.6567682908653846 0.37868307211538466 0.6477634927884615 0.38487811298076924 0.6420468653846154 0.4042471490384615 0.6175323269230769 0.4079545721153846 0.6067023413461539 0.41406792788461544 0.5983244783653846 0.4334822596153846 0.5828790504807693 0.45556131490384616 0.5669270192307693 0.4626006586538462 0.5659378822115385 0.46921921394230764 0.5765504663461539 0.47471338461538465 0.5948251995192307 0.4744195697115385 0.6181572668269231 0.47868503125 0.6368983581730769 0.4845636081730769 0.6499792427884615 0.4789616322115385 0.6648936057692307 0.46737946874999997 0.6874622259615385 0.4423569735576923 0.7302759639423078 0.4250245673076923 0.7654595096153846 0.4155092283653846 0.8047432091346154 0.4069700048076923 0.8340653293269231 0.3907029423076923 0.8634600504807692 0.3719434350961538 0.9141608221153846 0.3676367548076923 0.9282470240384615 0.3718418221153846 0.9348959711538462 0.38111 0.9419789158653846 0.39514475480769234 0.9448969951923077 0.40720327644230764 0.94923821875 0.4167604375 0.9594085120192308 0.4161673701923077 0.95021078125 0.4312682283653846 0.8790242139423078 0.43884371875 0.8347557788461538 0.4440976754807692 0.818627391826923 0.4550956826923077 0.8023380240384616
4 0.34304909134615386 0.6473223990384616 0.3511764326923077 0.6450789903846155 0.35553595673076926 0.6415734158653846 0.3581629350961538 0.6335092235576922 0.3566891730769231 0.625991875 0.3526248269230769 0.6201308485576923 0.3421656826923077 0.6210718509615384 0.33631111057692303 0.6264909879807692 0.33417287019230774 0.6365571250000001 0.3354393293269231 0.643648358173077 0.34304909134615386 0.6473223990384616
3 0.4752317139423077 0.5205919302884615 0.4756614158653846 0.5244671923076922 0.47963653125 0.52615546875 0.4878380048076923 0.5250617740384615 0.49004283173076923 0.5146338341346154 0.48053851442307693 0.515044170673077 0.4752317139423077 0.5205919302884615
3 0.3782494423076923 0.45139472115384616 0.3829569879807692 0.4491031778846154 0.39087838461538466 0.4603991201923077 0.3951486754807692 0.45272079567307694 0.3820460985576923 0.4447374903846154 0.3814090961538461 0.4404361153846154 0.3863980721153846 0.4397203966346154 0.38983296875 0.4427915721153846 0.3859683725961538 0.4358451370192308 0.38077209134615386 0.43613473557692306 0.37781219471153843 0.44600793990384613 0.3782494423076923 0.45139472115384616
4 0.3277359519230769 0.8950993725961538 0.3327915168269231 0.8940218605769231 0.3350993125 0.8768242403846155 0.33120587740384616 0.8777971995192307 0.32817939423076925 0.8880322067307692 0.3277359519230769 0.8950993725961538
4 0.38421831490384617 0.7838080384615385 0.3600559783653846 0.7660564855769232 0.35701439663461537 0.7732684543269231 0.37974072115384616 0.7910602524038463 0.38421831490384617 0.7838080384615385
4 0.6008365504807692 0.8022128990384616 0.5960171298076923 0.7957971346153846 0.5968099471153846 0.8039094639423077 0.59089634375 0.8112019206730768 0.5946277692307692 0.8188719591346154 0.6034586971153846 0.8205681225961539 0.6073734206730769 0.8101642475961538 0.6008365504807692 0.8022128990384616
4 0.7690490384615385 0.8647347043269231 0.7636530048076923 0.8661097091346155 0.7695480408653845 0.8961790985576923 0.7764466682692308 0.894402045673077 0.7690490384615385 0.8647347043269231