3 0.08976715625 0.031045752403846154 0.14368872596153845 0.030228757211538462 0.1412377451923077 0.00040849759615384614 0 0 0.0006127451923076924 0.03349673317307692 0.00398284375 0.03267973798076923 0.03278186298076923 0.03513071875 0.048100490384615384 0.037990197115384615 0.061274509615384616 0.03349673317307692 0.08976715625 0.031045752403846154
3 0.6629901971153846 0.45792483653846155 0.6666666658653846 0.45955882451923075 0.6734068629807692 0.46364379086538465 0.6773897067307693 0.46241830048076926 0.6804534302884615 0.46405228846153845 0.6920955889423077 0.46486928125 0.6982230384615384 0.46405228846153845 0.6994485288461539 0.4587418293269231 0.6994485288461539 0.4501633990384616 0.6924019615384616 0.4460784302884615 0.6841299014423078 0.4473039206730769 0.6773897067307693 0.4444444447115385 0.666053920673077 0.4473039206730769 0.6571691177884615 0.4473039206730769 0.6556372548076923 0.451388889423077 0.65625 0.4562908485576923 0.6629901971153846 0.45792483653846155
4 0.8005514711538461 0.47589869230769233 0.7977941177884615 0.4787581706730769 0.8063725480769232 0.48080065384615384 0.80851715625 0.47712418269230766 0.8005514711538461 0.47589869230769233
3 0.22457107932692308 0.5204248365384616 0.21783088221153848 0.5204248365384616 0.2141544110576923 0.5245098028846154 0.2169117644230769 0.5269607836538461 0.22303921634615384 0.5265522884615385 0.22702205769230768 0.5245098028846154 0.22457107932692308 0.5204248365384616
3 0.6259191177884615 0.47017973798076923 0.6231617644230769 0.47344771153846155 0.6286764711538461 0.47630718990384613 0.6305147067307693 0.4730392163461538 0.6259191177884615 0.47017973798076923
4 0.7561274519230768 0.5371732019230769 0.7475490192307692 0.540849673076923 0.7509191177884615 0.5465686274038462 0.7570465697115385 0.5461601298076924 0.7601102932692307 0.5437091514423077 0.7561274519230768 0.5371732019230769
4 0.9169730384615384 0.5571895432692308 0.9231004903846153 0.5604575168269231 0.92585784375 0.5571895432692308 0.9200367644230769 0.5526960793269231 0.9169730384615384 0.5571895432692308
2 0.7356004903846153 0.4260620913461538 0.7282475480769232 0.4276960793269231 0.7282475480769232 0.43668300721153847 0.7368259807692308 0.4411764711538462 0.7356004903846153 0.4260620913461538
2 0.45925245192307695 0.4093137259615384 0.45925245192307695 0.4031862740384616 0.45465686298076924 0.40686274519230764 0.4445465697115385 0.40808823557692303 0.4518995096153846 0.421977125 0.46231617548076925 0.423611110576923 0.46384803846153844 0.40972222115384616 0.45925245192307695 0.4093137259615384
4 0.4730392163461538 0.41993463942307696 0.46813725480769236 0.4248366009615384 0.45802696153846156 0.4252450985576923 0.46721813701923076 0.43096405288461537 0.47824754807692305 0.42810457451923073 0.47794117548076925 0.42401960817307693 0.4730392163461538 0.41993463942307696
4 0.24693627403846152 0.41217320192307694 0.24080882451923077 0.41707516346153845 0.23743872596153848 0.41830065384615384 0.23743872596153848 0.4272875817307692 0.2365196081730769 0.4395424831730769 0.24264705769230768 0.4350490192307692 0.2524509807692308 0.4301470576923077 0.2533700985576923 0.423611110576923 0.24693627403846152 0.41217320192307694
4 0.13174019711538462 0.5044934639423077 0.13051470673076923 0.5085784302884615 0.13909313701923076 0.5098039206730769 0.1412377451923077 0.505718954326923 0.13174019711538462 0.5044934639423077
3 0.061887254807692305 0.4305555552884615 0.05821078365384616 0.4399509807692308 0.04993872596153846 0.4432189543269231 0.05330882451923077 0.4473039206730769 0.06372549038461538 0.4456699350961539 0.06495098076923077 0.44035947596153846 0.06341911778846153 0.4342320264423077 0.061887254807692305 0.4305555552884615
4 0.6167279423076923 0.5314542475961539 0.6155024519230768 0.5371732019230769 0.6240808822115385 0.5392156850961538 0.6246936274038462 0.5343137259615385 0.6167279423076923 0.5314542475961539
4 0.8155637259615385 0.5604575168269231 0.8042279423076923 0.5657679735576923 0.8161764711538461 0.5714869278846154 0.8219975480769232 0.5678104567307692 0.8207720576923077 0.5633169927884615 0.8155637259615385 0.5604575168269231
3 0.8799019615384616 0.45710784374999996 0.8566176466346154 0.45710784374999996 0.8501838245192308 0.46405228846153845 0.8468137259615385 0.4718137259615384 0.8765318629807692 0.4742647067307692 0.8829656850961538 0.46732026201923077 0.8799019615384616 0.45710784374999996
4 0.8590686274038462 0.43259803846153844 0.8722426466346154 0.43218954326923076 0.8731617644230769 0.4260620913461538 0.8636642163461539 0.4264705889423077 0.8550857836538461 0.4248366009615384 0.8452818629807692 0.4207516346153846 0.8419117644230769 0.42810457451923073 0.8373161754807692 0.43341503365384615 0.8422181370192308 0.4350490192307692 0.8511029423076923 0.43790849759615386 0.8590686274038462 0.43259803846153844
4 0.9209558822115385 0.46037581730769234 0.9157475480769232 0.4620098028846154 0.9172794110576923 0.46813725480769236 0.9224877451923077 0.46813725480769236 0.9273897067307693 0.46527777884615384 0.9209558822115385 0.46037581730769234
4 0.9270833341346154 0.506127451923077 0.9227941177884615 0.5020424831730769 0.9145220576923077 0.5020424831730769 0.9139093149038462 0.5065359471153846 0.9087009807692308 0.5077614375 0.9083946081730769 0.5130718942307693 0.9172794110576923 0.5130718942307693 0.9264705889423077 0.5130718942307693 0.9319852932692307 0.5114379086538462 0.9270833341346154 0.506127451923077
4 0.6930147067307693 0.4297385625 0.693321079326923 0.4248366009615384 0.6847426466346154 0.4248366009615384 0.6792279423076923 0.42238562019230774 0.6783088245192308 0.42687908413461534 0.6829044110576923 0.4289215697115385 0.6930147067307693 0.4297385625
0 0.5220588245192308 0.4714052283653846 0.51960784375 0.4775326802884615 0.5278799014423077 0.47794117548076925 0.5266544110576923 0.47344771153846155 0.5220588245192308 0.4714052283653846
4 0.4898897067307692 0.4395424831730769 0.4929534302884615 0.4354575168269231 0.48223039182692307 0.43218954326923076 0.4898897067307692 0.4395424831730769