3 0.7047324206730768 0.4984443557692308 0.6979798822115384 0.5045487019230769 0.6800639038461539 0.5080193894230769 0.665224048076923 0.5158898774038462 0.6505088461538461 0.528242329326923 0.6427820673076923 0.5358047379807692 0.6288128870192308 0.5437060240384615 0.6099955408653847 0.5538611610576922 0.5769059975961539 0.5747053365384616 0.5677332067307692 0.581097204326923 0.553253889423077 0.5947639543269231 0.554816875 0.6020952716346154 0.5652841322115385 0.6194429302884615 0.5722572091346154 0.6180105048076924 0.5755788293269231 0.6110385360576923 0.5967799927884616 0.5979826850961538 0.6240778221153847 0.5741351658653846 0.6342248485576923 0.5662852403846154 0.6375598822115385 0.56696290625 0.6341864783653846 0.5746793028846153 0.6572689903846154 0.5628093894230769 0.6863369278846154 0.5433154735576923 0.7032288221153846 0.531040016826923 0.7114293100961538 0.5150989495192307 0.7267716298076923 0.5031418076923078 0.7145764326923078 0.4933821850961539 0.7047324206730768 0.4984443557692308
4 0.6144450096153846 0.4271544591346154 0.5916137355769231 0.43698104326923076 0.5914948221153846 0.4418275216346154 0.6155362283653846 0.4318571778846154 0.6144450096153846 0.4271544591346154
4 0.7008163870192308 0.44494828846153844 0.6799028870192309 0.4585740096153846 0.6823518990384615 0.4625784975961539 0.7047267524038462 0.4467656947115385 0.7008163870192308 0.44494828846153844
4 0.8887638725961539 0.15999568990384613 0.8698352884615385 0.1733184951923077 0.8727790889423077 0.17491514182692305 0.8921430120192307 0.16160773798076924 0.8887638725961539 0.15999568990384613
4 0.6974298485576923 0.2756141826923077 0.6912238846153845 0.2785662644230769 0.6898718245192307 0.28859293990384616 0.6948082115384615 0.2882078581730769 0.6974298485576923 0.2756141826923077
4 0.4319536610576923 0.6932704423076923 0.40180218028846154 0.7063828221153846 0.40201504807692306 0.7127335576923077 0.4230608653846154 0.7019109879807692 0.4322777644230769 0.6964535096153845 0.4319536610576923 0.6932704423076923
4 0.7531350456730769 0.757802548076923 0.7585662235576923 0.7550096274038461 0.7634891971153847 0.7469749134615384 0.7671579374999999 0.7381495745192308 0.7608637596153845 0.7392328846153846 0.7492246778846153 0.7559851418269231 0.7531350456730769 0.757802548076923
4 0.7556331971153847 0.020773218750000003 0.7441801586538461 0.028576942307692307 0.7456702764423077 0.030681865384615384 0.7580457716346154 0.022164509615384614 0.7556331971153847 0.020773218750000003
4 0.7732231394230769 0.025126721153846156 0.7680873004807692 0.026810699519230766 0.763216108173077 0.03410098317307692 0.7695179639423078 0.03133886298076923 0.7732231394230769 0.025126721153846156
4 0.4171068221153846 0.2793175697115385 0.3996472668269231 0.2887744735576923 0.40079793509615386 0.2910539567307692 0.4169955817307692 0.28248523798076924 0.4171068221153846 0.2793175697115385
4 0.43766171875 0.24888832932692306 0.4217881706730769 0.2606401129807692 0.42376540865384615 0.26201601201923075 0.4385170456730769 0.25227675240384617 0.43766171875 0.24888832932692306
4 0.6269053341346154 0.1460688653846154 0.6103605625 0.15649095673076924 0.612617795673077 0.16011553365384618 0.6280042235576923 0.1490927764423077 0.6269053341346154 0.1460688653846154
4 0.5681538846153846 0.16096805528846153 0.5764540649038461 0.16555264903846154 0.5817970288461539 0.16089096153846152 0.5746551923076922 0.1569070360576923 0.5681538846153846 0.16096805528846153
4 0.4660219975961538 0.2254515216346154 0.46667020192307695 0.23181765384615385 0.4725808245192308 0.22997451682692308 0.47004360096153847 0.22410126201923075 0.4660219975961538 0.2254515216346154
4 0.2535442596153846 0.4050600985576923 0.2654403125 0.3955929591346154 0.2629318485576923 0.3940117091346154 0.2497297860576923 0.40343265144230767 0.2535442596153846 0.4050600985576923
4 0.11085475721153845 0.6212786586538462 0.12020590865384614 0.6076170721153846 0.11574896874999999 0.6089519375 0.10834629086538462 0.6196974086538461 0.11085475721153845 0.6212786586538462
4 0.19831741105769232 0.6014249927884616 0.18873998076923076 0.6010862091346154 0.18654026923076922 0.6060456514423077 0.19166843509615386 0.606040485576923 0.19791850961538462 0.6040227908653846 0.19831741105769232 0.6014249927884616
4 0.5430933822115385 0.6373144615384615 0.5262455961538461 0.6505243052884615 0.5302441778846154 0.6542104783653847 0.5430626875 0.6440297115384616 0.5430933822115385 0.6373144615384615
4 0.7122921033653846 0.6438592115384616 0.7003423365384616 0.6650780336538461 0.70814965625 0.6610632091346154 0.71720546875 0.6485105673076923 0.7122921033653846 0.6438592115384616
4 0.7559608966346154 0.17134263942307693 0.7472675528846153 0.1786842860576923 0.7487058894230769 0.18153363701923078 0.7596718100961539 0.17445893990384614 0.7559608966346154 0.17134263942307693
4 0.33273321875 0.6076721923076923 0.3298756995192308 0.6189515673076923 0.3387531466346154 0.6136686442307693 0.3397139735576923 0.6045609567307693 0.33273321875 0.6076721923076923
4 0.08716628365384614 0.5963738629807692 0.08950405288461538 0.6035460216346153 0.09503112259615384 0.6009430576923077 0.09102486778846154 0.5989356971153846 0.09172678605769231 0.5935501442307692 0.08716628365384614 0.5963738629807692