2 0.7649652548076923 0.10898532211538461 0.7680843389423077 0.11762423317307692 0.7726969543269231 0.13194451923076922 0.7736345721153846 0.13806199759615384 0.7768605096153846 0.13855470432692307 0.7815908028846154 0.16487624519230767 0.786273485576923 0.18538991346153846 0.8048432427884615 0.17485347355769232 0.7985323076923077 0.14634540144230768 0.7908544375000001 0.09935839423076923 0.7825900817307693 0.03731138701923077 0.7636808221153846 0.03702838701923077 0.7638263653846155 0.05948887980769231 0.7674448269230769 0.08668263221153846 0.7653558822115384 0.09074008653846154 0.7658049447115385 0.09845018509615386 0.7649652548076923 0.10898532211538461
2 0.5667007548076923 0.21816146634615385 0.5740228870192308 0.22410784375 0.5663271706730769 0.22671847596153846 0.607913201923077 0.24206617307692307 0.7150264399038462 0.2396694278846154 0.7842088942307692 0.23477915384615383 0.8369554447115385 0.2371388798076923 0.8449349326923077 0.22442921153846151 0.8431971201923076 0.21954414903846153 0.84332371875 0.20674658173076924 0.8000358581730769 0.21208365865384618 0.7661563677884615 0.2142727908653846 0.7575679375 0.21153695673076925 0.7507595240384616 0.2094203293269231 0.7562037091346153 0.19809488221153845 0.7247921586538462 0.19774328125 0.6593241947115385 0.20153363942307692 0.6278820745192307 0.1856859375 0.6044608365384615 0.19277213221153847 0.634746221153846 0.2087210360576923 0.6022174254807692 0.19916791586538463 0.5667007548076923 0.21816146634615385
3 0.6041335408653846 0.41172098076923075 0.6036279423076923 0.4230018269230769 0.6227752620192307 0.45232420432692305 0.6297633004807692 0.4575248725961538 0.6373916562499999 0.45375772355769234 0.6382313461538461 0.4432225841346154 0.6196821442307693 0.40919824278846156 0.6098247139423078 0.4046360865384615 0.60473165625 0.4070190192307692 0.6041335408653846 0.41172098076923075
4 0.6075336899038462 0.40522399278846155 0.6038416514423077 0.4067094158653846 0.6056917307692308 0.4135220024038461 0.6100744014423077 0.41391350721153847 0.6111835288461539 0.4080044302884615 0.6075336899038462 0.40522399278846155
4 0.7793828605769231 0.36151640384615386 0.7837206274038462 0.3611368990384615 0.7848522067307692 0.35561332692307696 0.7830919399038462 0.35034275961538464 0.7785548004807693 0.3522895841346154 0.7793828605769231 0.36151640384615386
4 0.839501858173077 0.3806672451923077 0.842727795673077 0.38115995192307695 0.8430340192307693 0.3714464254807692 0.8389405288461538 0.3710296201923077 0.839501858173077 0.3806672451923077
3 0.8090395552884615 0.36667116826923074 0.7897315528846154 0.36952280769230766 0.7879991514423076 0.3747114759615385 0.7881814831730769 0.38283237980769236 0.790121375 0.3911869903846154 0.8060714278846154 0.3905664783653846 0.8141685937500001 0.38985806971153847 0.816948173076923 0.3876775408653846 0.8216424855769231 0.38842925 0.8368542932692308 0.3801239375 0.8421269711538462 0.3808250456730769 0.8416105504807692 0.3719584326923077 0.8365596947115385 0.3700755096153846 0.8303521009615384 0.3682937884615385 0.8231871418269231 0.3650459447115385 0.8177599951923077 0.36668316826923075 0.8143795937499999 0.3685287908653846 0.8090395552884615 0.36667116826923074
3 0.8117707163461538 0.3985921826923077 0.7876363918269231 0.4034159471153846 0.7871280865384616 0.40965993028846154 0.7872430600961539 0.41662431971153846 0.7891155889423077 0.4238224134615385 0.8078479302884615 0.42605824038461537 0.8175481875 0.4279218629807692 0.8191458725961538 0.4204201658653846 0.8161615096153846 0.4140942836538462 0.8177789375 0.4019412259615385 0.8154852091346154 0.39749226923076925 0.8117707163461538 0.3985921826923077
3 0.8169167956730768 0.41209085817307695 0.8196119759615385 0.4184420384615385 0.8269844254807693 0.43523315625000003 0.8327932740384616 0.4401495192307693 0.8322993052884615 0.43166840865384615 0.8341133990384615 0.41291116586538457 0.8310419302884615 0.4100801298076923 0.8264320192307693 0.4007967115384616 0.8233353918269231 0.39254330288461536 0.8183573052884616 0.401890625 0.8169167956730768 0.41209085817307695
3 1 0.19180377403846152 0.9937194086538461 0.18893903125 0.9777693557692307 0.18955954326923077 0.9691890432692307 0.20193430528846154 0.9570541177884616 0.22314438221153846 1 0.2196382956730769 1 0.19180377403846152
4 0.35637197355769235 0.6042713149038461 0.3603423725961538 0.5826131322115384 0.3562488846153846 0.5821963269230769 0.35312358413461536 0.6033931033653845 0.35637197355769235 0.6042713149038461