2 0.23131127403846152 0.6025326802884615 0.22610294230769232 0.5874183004807693 0.22855392067307692 0.5829248365384616 0.22610294230769232 0.5751633990384616 0.21905637259615382 0.5580065360576923 0.1764705889423077 0.5849673197115385 0.19393382451923077 0.630718954326923 0.2325367644230769 0.607434639423077 0.23131127403846152 0.6025326802884615
3 0.1881127451923077 0.6172385625 0.18658088221153848 0.6127450985576923 0.18229166586538462 0.6151960793269231 0.1712622548076923 0.6147875817307692 0.1706495096153846 0.619281045673077 0.18259803846153846 0.6200980384615384 0.1881127451923077 0.6172385625
4 0.23039215625 0.5796568629807692 0.22763480288461538 0.5866013076923077 0.2325367644230769 0.6041666658653846 0.24019607932692308 0.6127450985576923 0.2493872548076923 0.6119281057692307 0.25796568509615386 0.6082516346153846 0.26164215625 0.6021241826923076 0.2619485288461539 0.5927287572115385 0.26164215625 0.5845588245192308 0.2668504903846154 0.576388889423077 0.26960784375 0.5678104567307692 0.2693014711538461 0.5608660120192307 0.2650122548076923 0.5641339879807693 0.25796568509615386 0.5555555552884616 0.2524509807692308 0.5555555552884616 0.2481617644230769 0.5490196081730769 0.24295343028846156 0.5535130721153846 0.24050245192307693 0.5645424831730769 0.22916666586538462 0.5649509807692308 0.22579656971153844 0.5678104567307692 0.22579656971153844 0.5731209158653846 0.23039215625 0.5796568629807692
4 0.5962009807692308 0.909722221153846 0.5940563725961538 0.8995098028846154 0.578125 0.902777778846154 0.5625 0.902777778846154 0.5621936274038462 0.909722221153846 0.5753676466346154 0.9113562091346155 0.5962009807692308 0.909722221153846
4 0.6158088245192308 0.8464052283653847 0.6090686274038462 0.8480392163461539 0.6023284302884615 0.8578431370192308 0.6066176466346154 0.8656045745192308 0.6197916658653846 0.853758170673077 0.6158088245192308 0.8464052283653847
4 0.5735294110576923 0.7671568629807692 0.5588235288461538 0.7634803918269231 0.5572916658653846 0.7683823533653846 0.5729166658653846 0.7728758173076924 0.5735294110576923 0.7671568629807692
3 0.6427696081730769 0.7504084975961539 0.6363357836538461 0.771241829326923 0.6421568629807692 0.7753267980769232 0.6467524519230768 0.7524509807692308 0.6427696081730769 0.7504084975961539
4 0.5952818629807692 0.8492647067307693 0.58976715625 0.8488562091346155 0.5867034302884615 0.8451797379807692 0.5729166658653846 0.8276143798076923 0.5652573533653846 0.8312908485576924 0.56648284375 0.847222221153846 0.5572916658653846 0.8439542475961539 0.5505514711538462 0.8427287572115384 0.5481004903846154 0.8508986923076923 0.5496323533653846 0.8562091514423076 0.5490196081730769 0.8639705889423077 0.5606617644230769 0.86315359375 0.5704656850961538 0.8598856201923077 0.5713848028846154 0.8880718942307693 0.6029411754807692 0.8986928100961538 0.6121323533653846 0.8909313725961538 0.5952818629807692 0.8492647067307693
4 0.9080882355769231 0.840277778846154 0.9034926466346154 0.8104575168269231 0.8949142163461539 0.8190359471153846 0.8970588245192308 0.8312908485576924 0.9001225480769232 0.8366013076923077 0.9080882355769231 0.840277778846154
4 0.5572916658653846 0.6744281057692307 0.5557598028846154 0.6899509807692308 0.5606617644230769 0.6907679735576924 0.5609681370192308 0.6752450985576922 0.5572916658653846 0.6744281057692307
4 0.22886029326923077 0.7328431370192308 0.24111519711538462 0.7434640528846154 0.24417892067307692 0.7406045745192308 0.2331495096153846 0.7275326802884615 0.22886029326923077 0.7328431370192308
4 0.9280024519230768 0.9877450985576922 0.9249387259615385 0.9950980384615384 0.9301470576923077 0.9991830072115384 0.9411764711538461 0.9991830072115384 0.9280024519230768 0.9877450985576922