2 0.4399612980769231 0.0701646923076923 0.41843541105769233 0.07699262740384616 0.40867254326923075 0.07999700480769231 0.38278496394230765 0.08534481971153846 0.37984651923076923 0.08867864423076922 0.4087698149038462 0.08791043028846154 0.4186825 0.08541278605769231 0.44519561298076926 0.07838854807692308 0.4399612980769231 0.0701646923076923
1 0.5718947764423077 0.4917629302884615 0.5189960048076923 0.4986580769230769 0.5050212572115385 0.5006890625 0.488257875 0.5065606009615384 0.4886285072115385 0.5191908341346154 0.5043392692307692 0.5211355841346154 0.5362496490384616 0.5209902596153846 0.5586744254807692 0.5172027067307693 0.5798126370192308 0.5109596177884616 0.5960647956730769 0.5014628437499999 0.5942670120192308 0.4953820697115384 0.5842307836538462 0.4936696370192308 0.5718947764423077 0.4917629302884615
4 0.5805578028846153 0.5248566778846153 0.5839417884615384 0.5344064543269231 0.5917794206730769 0.5324746370192307 0.5887082019230769 0.5220866490384616 0.5805578028846153 0.5248566778846153
4 0.7019990216346154 0.4900309495192308 0.6857599975961539 0.49767604807692306 0.6944833846153846 0.5006362908653846 0.7088852163461539 0.4924654423076923 0.7019990216346154 0.4900309495192308
4 0.33787131490384614 0.6425735288461538 0.33440460576923076 0.6554972043269232 0.3449914639423077 0.6552798509615385 0.34378371153846154 0.641714266826923 0.33787131490384614 0.6425735288461538
4 0.4689021346153846 0.672417141826923 0.44512510817307693 0.6830075192307692 0.45162362740384615 0.6860268533653847 0.4737881826923077 0.6756708221153847 0.4689021346153846 0.672417141826923
4 0.4540863581730769 0.6848761850961539 0.4555227403846154 0.6878384543269231 0.4737487764423077 0.6812258413461538 0.4651752043269231 0.678772329326923 0.4540863581730769 0.6848761850961539
4 0.3022502764423077 0.8197785192307693 0.3463507524038461 0.8096697596153846 0.34983982932692304 0.8044061490384615 0.30143942548076924 0.8151398197115385 0.3022502764423077 0.8197785192307693
4 0.33537090625 0.7895968173076924 0.3315782908653846 0.8052103725961538 0.3473153293269231 0.8034517788461539 0.34857030528846156 0.7887355264423076 0.33537090625 0.7895968173076924
4 0.24976826923076922 0.8868625673076923 0.26154974038461537 0.9020624687500001 0.2761500192307692 0.8983550649038462 0.2606941610576923 0.8821036562500001 0.24976826923076922 0.8868625673076923
4 0.8540550048076923 0.9512493173076924 0.8503280697115384 0.9576045096153846 0.8821990432692307 0.9630142019230769 0.8812646514423077 0.9541654302884616 0.8540550048076923 0.9512493173076924
4 0.32388343509615386 0.6464561899038461 0.3225180504807692 0.6551106899038461 0.3290428389423077 0.6544266778846153 0.33157125 0.6440176394230769 0.32388343509615386 0.6464561899038461
4 0.6107307572115385 0.4884970721153846 0.6027656778846153 0.49758221634615385 0.60881475 0.49908136057692304 0.6164802019230768 0.48898274999999997 0.6107307572115385 0.4884970721153846
4 0.6408668076923077 0.4140905288461539 0.6378271802884616 0.4208743341346154 0.6458895360576923 0.4197026129807692 0.6470788317307693 0.4142447283653846 0.6408668076923077 0.4140905288461539
4 0.5504702139423077 0.09506323798076922 0.5543693245192307 0.09687484134615384 0.56474459375 0.09404571394230768 0.5609203870192307 0.09248747836538462 0.5504702139423077 0.09506323798076922
4 0.6508240793269231 0.82699065625 0.6458854879807692 0.8311436682692308 0.6463086634615384 0.8363672067307693 0.6592045216346154 0.8458558629807692 0.6703906370192307 0.8476654326923078 0.6669015625000001 0.8529290456730769 0.6797132860576922 0.8526526009615385 0.6859384471153847 0.8509551249999999 0.6796554230769231 0.8391841538461539 0.6785449447115385 0.8335319975961538 0.6726588221153846 0.8306879134615385 0.6508240793269231 0.82699065625
4 0.18620491586538462 0.8292446081730769 0.18417849759615385 0.8337671442307693 0.21245921394230768 0.8478904326923077 0.22676377403846154 0.8318061586538461 0.21799174999999998 0.824889204326923 0.20504334855769232 0.8228072451923077 0.20041752403846153 0.8261220504807691 0.18620491586538462 0.8292446081730769
4 0.33392811298076924 0.8415999086538462 0.3621023365384615 0.8382980384615385 0.39328067788461535 0.8224039735576922 0.38319581490384613 0.8167348245192307 0.33392811298076924 0.8415999086538462
3 0.15557469711538463 0.8868108365384615 0.17124995913461538 0.882947201923077 0.17076501201923078 0.8756186225961538 0.16187867307692308 0.8740033221153846 0.1471023028846154 0.8809073437499999 0.14822591826923076 0.884707829326923 0.15557469711538463 0.8868108365384615