1 0.44468778124999997 0.47501856971153844 0.4526684158653846 0.4821702043269231 0.4535701802884615 0.48351426682692306 0.45738658173076924 0.48750848798076923 0.46460393509615383 0.49386127884615383 0.4687681658653846 0.4970186899038461 0.47296782932692305 0.49921248076923075 0.47734140625 0.5009878677884616 0.48286152403846155 0.5017616682692307 0.4847359158653846 0.5025225480769231 0.48727377644230774 0.49817372836538465 0.4885588004807693 0.49771736057692306 0.4883140240384615 0.5000630072115384 0.4886940432692307 0.50266228125 0.4902206033653846 0.5042599711538461 0.4938663341346154 0.504272891826923 0.4969226947115385 0.5030685649038461 0.49980514663461534 0.5022826394230769 0.5022367115384616 0.5008246850961539 0.50411434375 0.4971858605769231 0.5048454350961539 0.49454862019230766 0.5083204903846154 0.4905802403846154 0.5111707475961539 0.48635823317307697 0.5116248725961539 0.48263056009615385 0.5106200552884615 0.47977765865384614 0.5111418004807692 0.4785224447115385 0.5109711274038461 0.47454114423076926 0.5098600168269231 0.4745791105769231 0.5095154302884615 0.4710162139423077 0.5043077091346154 0.4703692235576923 0.5085138557692308 0.4637636081730769 0.51595028125 0.4555352548076923 0.5210936201923076 0.4493100745192308 0.519428576923077 0.44716717067307693 0.5172095985576923 0.44284339182692306 0.5121468461538462 0.4339422139423077 0.5058345 0.42453377884615384 0.4999021682692308 0.41772462259615384 0.4931711298076923 0.4110802403846154 0.4836639375 0.4023309182692308 0.4784240240384615 0.39824784855769235 0.4742952235576923 0.3941268125 0.4700955625 0.3919330216346154 0.4663822115384615 0.3894476394230769 0.46228236057692307 0.3931623942307692 0.4591551346153846 0.3962939639423077 0.45651422115384616 0.3991339447115384 0.45387331009615384 0.4019739254807692 0.4513708798076923 0.40535912500000004 0.45050130528846155 0.40745114663461535 0.44984107692307695 0.4081611418269231 0.447998875 0.41083634375 0.44501013221153846 0.41451313221153846 0.43979593028846153 0.4226655576923077 0.4369456706730769 0.42688756490384616 0.43336756249999997 0.42934710576923074 0.43131601682692305 0.4334043341346154 0.42835946153846155 0.4405172067307692 0.42755750721153846 0.44508168990384617 0.42772818028846155 0.4490629903846154 0.42946084615384617 0.45367835817307695 0.4290067235576923 0.45740603125 0.43143504807692307 0.4603477836538462 0.4350775360576923 0.46476040625 0.44468778124999997 0.47501856971153844
1 0.48827859134615387 0.5010266298076923 0.4886940432692307 0.50266228125 0.48990820673076924 0.5041331586538461 0.49164411298076927 0.5043488197115384 0.4951513581730769 0.5038165216346153 0.49803380528846153 0.5030305985576923 0.5002914591346154 0.5019910480769231 0.5022367115384616 0.5008246850961539 0.503766514423077 0.49802266826923075 0.5043236899038461 0.4958038341346154 0.5043945528846154 0.49387659134615386 0.5032158197115385 0.49144209375 0.5015153461538462 0.49026281009615386 0.49880681250000003 0.4906303269230769 0.4954380504807692 0.49170784375000004 0.4922432019230769 0.4923669543269231 0.49012403605769234 0.4939517211538461 0.4889066322115384 0.4968805528846154 0.4885233701923077 0.4986809807692308 0.48827859134615387 0.5010266298076923
4 0.5650850432692308 0.2143535096153846 0.5589079375 0.20988999759615384 0.5538419423076923 0.20538852403846153 0.5500255384615385 0.20139430288461538 0.5456487211538461 0.20401862259615383 0.5409595024038462 0.206516125 0.5352622259615385 0.21056043509615385 0.5316841177884615 0.21301997596153846 0.5289755865384616 0.2133874951923077 0.526296 0.22159080288461538 0.5317130649038462 0.22085576442307692 0.5331333341346154 0.22534431971153845 0.5365697139423077 0.2267392644230769 0.5400060985576923 0.22813421153846153 0.542434423076923 0.23107596153846155 0.5473297451923077 0.2315961346153846 0.5541703197115384 0.2309499471153846 0.5564601610576922 0.23334647836538464 0.5598289230769231 0.23226896634615385 0.5647596778846153 0.23182551682692307 0.5728144158653846 0.23265020192307692 0.5801734951923077 0.23514850480769228 0.5848594711538462 0.2370507043269231 0.5913522163461539 0.23724132451923077 0.592186358173077 0.23611292548076923 0.5920833076923077 0.23460408413461536 0.5983377572115385 0.22834093990384613 0.5917419615384616 0.22664148317307695 0.5816067283653846 0.22203823798076924 0.5728595721153846 0.21848746394230767 0.5650850432692308 0.2143535096153846
4 0.15306980048076924 0.7962538317307692 0.14293781009615383 0.7872508822115385 0.13890557932692307 0.7934380961538461 0.1506349951923077 0.8021114903846154 0.15306980048076924 0.7962538317307692
4 0.22993926201923076 0.8010516826923078 0.21785553365384616 0.8020145072115384 0.21569769230769228 0.8089626009615384 0.22743359134615385 0.8088365865384616 0.22993926201923076 0.8010516826923078
4 0.03640693509615384 0.7009741057692308 0.02773064423076923 0.6954960889423076 0.024046242788461538 0.7008464951923077 0.033347329326923074 0.7065781394230769 0.03640693509615384 0.7009741057692308
4 0.08640967548076922 0.7897322764423076 0.0863388125 0.7916595216346154 0.08584277644230769 0.8051502259615385 0.09001024999999999 0.8039079350961539 0.08925669471153846 0.7899099759615384 0.08640967548076922 0.7897322764423076
4 0.059254389423076925 0.6056021802884616 0.05500308894230769 0.6263705360576922 0.05882273317307692 0.6259650504807692 0.062101408653846155 0.6057798774038461 0.059254389423076925 0.6056021802884616
4 0.08179986057692308 0.3546049206730769 0.08033767788461538 0.35987940144230773 0.08985135576923077 0.3598293125 0.09346489423076923 0.3564061514423077 0.0938835889423077 0.35364209855769235 0.08179986057692308 0.3546049206730769
4 0.058186338942307694 0.3587114423076923 0.049638802884615384 0.36697775721153847 0.04789965384615384 0.37116180048076924 0.05039884134615384 0.3721763076923077 0.05964203605769231 0.36223637500000005 0.058186338942307694 0.3587114423076923
4 0.037014108173076925 0.3481608918269231 0.02902050721153846 0.35860807692307695 0.03082403605769231 0.3612962019230769 0.03839894471153846 0.3536130673076923 0.037014108173076925 0.3481608918269231
4 0.10156825961538461 0.2912352596153846 0.09059239903846154 0.2965598245192308 0.08982587740384615 0.30016068509615385 0.09170026923076922 0.30092156490384614 0.100730875 0.2967633653846154 0.10156825961538461 0.2912352596153846
4 0.1810401875 0.25112332211538463 0.18055063221153847 0.25581461778846154 0.18464075961538462 0.26529897836538463 0.18762950240384615 0.2616221899038461 0.18263761057692307 0.25079376682692306 0.1810401875 0.25112332211538463
4 0.5701987524038462 0.3425919447115385 0.5667913197115385 0.34903278605769233 0.5787912139423077 0.3675960264423077 0.5831004158653846 0.3624992451923077 0.5735997043269231 0.34495051201923077 0.5701987524038462 0.3425919447115385
4 0.5882154927884615 0.206138875 0.5720351538461539 0.20641674999999998 0.5689046875 0.2139480264423077 0.5843893653846154 0.21534376923076926 0.5882154927884615 0.206138875
4 0.5428424759615385 0.4312435625 0.5402594591346154 0.44975511778846156 0.5494961706730769 0.44861459615384613 0.5479825793269231 0.4294180889423077 0.5428424759615385 0.4312435625
4 0.5578575096153846 0.3160661033653846 0.55959665625 0.3118820600961539 0.5528012379807692 0.2983655144230769 0.5491876995192307 0.3017886754807692 0.5519573701923076 0.31269302884615385 0.5578575096153846 0.3160661033653846
4 0.6041698197115385 0.32410782211538464 0.6040924735576924 0.3348344759615385 0.6092325745192307 0.3330090024038462 0.6083372956730769 0.3228655288461538 0.6041698197115385 0.32410782211538464
4 0.10158770913461537 0.26483702884615384 0.09318838461538462 0.2604494471153846 0.09144923557692307 0.26463349038461537 0.10019639182692308 0.2681842620192308 0.10158770913461537 0.26483702884615384
4 0.10907878846153846 0.27667995913461535 0.10950396634615384 0.2651164951923077 0.10596128605769231 0.2666124158653846 0.10491131490384616 0.27792225 0.10907878846153846 0.27667995913461535
4 0.07222180288461538 0.34778284375 0.06194160096153846 0.3514337932692308 0.060898112980769234 0.35394421875 0.06402209855769231 0.35521235096153847 0.07048265384615385 0.3519668870192308 0.07222180288461538 0.34778284375
4 0.23540773798076925 0.8247876274038461 0.2264609639423077 0.8094197668269231 0.2211791394230769 0.8150997283653846 0.23054460576923075 0.8277035384615385 0.23540773798076925 0.8247876274038461
4 0.07800432451923077 0.6992778365384615 0.07160814663461539 0.70939546875 0.07348253605769231 0.7101563485576924 0.08015568028846154 0.7011291514423077 0.07800432451923077 0.6992778365384615