1 0.44058406009615386 0.4881423581730769 0.44472561778846154 0.4844249254807692 0.4543779423076923 0.47473517548076927 0.46113446634615385 0.46680529086538464 0.46239154086538464 0.46586348076923073 0.46615144951923076 0.46202229567307695 0.4721559927884615 0.4548606490384615 0.4751526057692308 0.4507719495192308 0.4772624783653846 0.4467330721153846 0.4789907019230769 0.4425704350961538 0.4798208725961538 0.4374418653846154 0.4805615408653846 0.43565787740384615 0.4766103004807692 0.4337018942307692 0.4762173389423077 0.4325623870192308 0.4783724663461539 0.43258650721153846 0.4807744879807692 0.4320159663461538 0.48227845192307695 0.43047949038461536 0.48236795432692303 0.4271349086538461 0.4813238245192308 0.4244348076923077 0.48066134374999997 0.4218584639423077 0.4793703245192308 0.41975302644230766 0.4760589350961538 0.41834188701923075 0.47364560336538464 0.41789667548076925 0.47006469471153844 0.41504869951923073 0.46623689903846155 0.4127953822115385 0.46281337980769227 0.4126973269230769 0.4601644711538461 0.41386253125 0.4590195264423077 0.4134912596153846 0.45534911778846154 0.41398786298076923 0.4553604302884615 0.4150036129807692 0.4520716706730769 0.4156239735576923 0.4513649447115385 0.42045521153846155 0.4453707043269231 0.41716202403846153 0.43795068509615387 0.41104498076923074 0.43232677884615384 0.40685980048076925 0.43031772115384614 0.40856985096153847 0.42628829326923073 0.4109741995192308 0.4179825480769231 0.41637755528846154 0.4091830240384615 0.42297023798076927 0.4027855168269231 0.4289923798076923 0.3965227716346154 0.43573293509615385 0.3882622836538462 0.4451992932692308 0.3843902451923077 0.4503535625 0.38050688701923074 0.4544920769230769 0.37839701442307694 0.4585309567307692 0.3760289375 0.46214875 0.3793629567307692 0.4655913894230769 0.3821805673076923 0.4681918557692307 0.38473997596153847 0.4703712331730769 0.3872993822115385 0.4725506081730769 0.3903638822115385 0.4745564110576923 0.39227212259615385 0.47517519471153846 0.3929119735576923 0.4757200384615385 0.395336625 0.47718099759615384 0.3986593269230769 0.4796078870192308 0.40605671875 0.4836934278846154 0.4098845144230769 0.4859467451923077 0.4120735865384615 0.4890181177884615 0.4157666274038462 0.4905530120192308 0.4222546442307692 0.4926568725961538 0.4264414615384616 0.49300244711538466 0.43011186778846155 0.49250584375 0.43439950240384617 0.4905225817307692 0.4378230192307692 0.49062063942307693 0.44058406009615386 0.4881423581730769
1 0.4754540432692308 0.4323148725961538 0.4771040769230769 0.43251256971153845 0.47925921153846157 0.43253668990384614 0.4807744879807692 0.4320159663461538 0.4821550072115385 0.4307768221153846 0.4823905841346154 0.4291664086538462 0.4819749903846154 0.42599540384615386 0.48131251201923075 0.4234190576923077 0.4804031418269231 0.4214373774038461 0.4793703245192308 0.41975302644230766 0.4768222331730769 0.4185893990384616 0.47479054807692306 0.4182679471153846 0.4730170649038462 0.4183675841346154 0.47074980528846155 0.4196565432692308 0.46962748798076925 0.4213167740384615 0.46990831971153846 0.4237693629807693 0.4708290072115385 0.4267667956730769 0.4713680408653846 0.42964046875 0.47278250240384617 0.43144857932692304 0.4754540432692308 0.4323148725961538
4 0.22429759375 0.3707769879807692 0.22084114663461538 0.3791022596153846 0.21686828605769232 0.38658535817307693 0.21262591346153847 0.39263161778846156 0.2083722235576923 0.39766212740384616 0.20461231490384615 0.4015033149038461 0.20693614663461538 0.4052931057692308 0.2091365360576923 0.4093802235576923 0.21274006971153847 0.4142597043269231 0.21492914423076923 0.4173310721153846 0.21520997596153846 0.41978366105769227 0.22270818028846154 0.42154037259615385 0.2221465168269231 0.41663519711538466 0.22631070432692307 0.41494926923076925 0.2276685985576923 0.41167862740384614 0.22902648798076924 0.4084079831730769 0.23178752644230768 0.40592969711538457 0.2323708076923077 0.4013957908653846 0.23192127163461537 0.39517753365384617 0.23417721634615385 0.3928728221153846 0.23325653365384616 0.3898753894230769 0.23295307211538463 0.3853912980769231 0.2338840576923077 0.3779339014423077 0.2363416346153846 0.3709715288461538 0.23819330769230768 0.3665115600961538 0.2385070673076923 0.36054081490384615 0.23748556730769232 0.3598722139423077 0.23609373076923076 0.3600956081730769 0.23045851201923076 0.35489467548076925 0.22875291586538463 0.3610888149038462 0.22429759375 0.3707769879807692
4 0.7411333870192307 0.7279671610576923 0.7493712475961539 0.7164693028846153 0.7440281754807692 0.7147367115384615 0.7355207956730769 0.7247977307692307 0.7411333870192307 0.7279671610576923
4 0.7570660168269231 0.6562154399038461 0.7571997644230769 0.6454632764423077 0.7500832067307692 0.6438303197115385 0.7507127572115385 0.6548299975961539 0.7570660168269231 0.6562154399038461
4 0.6656305384615385 0.9139968533653846 0.6508810192307692 0.9098887692307692 0.6498934615384615 0.9122674182692307 0.664642983173077 0.9163755048076924 0.6656305384615385 0.9139968533653846
4 0.6443919855769231 0.8963143221153846 0.6460749495192307 0.8880886874999999 0.6417420625 0.8860089471153846 0.6395653149038462 0.8954239086538462 0.6443919855769231 0.8963143221153846
4 0.6692639663461539 0.8760412524038461 0.6623942956730768 0.8738136346153845 0.6583761802884616 0.8772337307692308 0.6685459254807693 0.8798567379807692 0.6692639663461539 0.8760412524038461
4 0.6534117139423077 0.8412131490384614 0.6588885384615384 0.8321935769230768 0.6537923485576923 0.8298663221153847 0.6485624206730769 0.8382912307692307 0.6534117139423077 0.8412131490384614
4 0.7497353341346155 0.7719144735576923 0.7368271802884615 0.7738012524038461 0.7366029206730769 0.7764274110576923 0.7383764038461538 0.7763277788461539 0.7507907788461539 0.7756303245192308 0.7497353341346155 0.7719144735576923
4 0.5851861850961538 0.8157161466346154 0.5666654399038461 0.8144334951923077 0.5664411778846155 0.8170596586538461 0.5854783317307692 0.8191844855769231 0.5851861850961538 0.8157161466346154
4 0.5662682548076924 0.8925723173076924 0.5555368485576924 0.8850441322115384 0.5522594014423077 0.8866802451923077 0.564270514423077 0.8952981153846153 0.5662682548076924 0.8925723173076924
4 0.48257719230769236 0.8897238822115384 0.4929711947115385 0.8897207259615385 0.4934423461538462 0.8864999014423076 0.4810279711538462 0.8871973557692308 0.48257719230769236 0.8897238822115384
4 0.4299343918269231 0.8976181442307692 0.41543175961538464 0.8929153966346154 0.4124012019230769 0.8939568461538462 0.4134340168269231 0.8956411947115386 0.4289468365384615 0.8999967932692308 0.4299343918269231 0.8976181442307692
4 0.4634988341346154 0.9294183846153847 0.4543392764423077 0.9264482283653847 0.4531048293269231 0.9294215408653846 0.4635214639423077 0.9314498870192308 0.4634988341346154 0.9294183846153847
4 0.42035299519230773 0.9478141442307693 0.4091956947115385 0.9475697860576923 0.41049802884615383 0.9506909759615384 0.42190221875 0.950340673076923 0.42035299519230773 0.9478141442307693
4 0.42472708894230765 0.9080745552884615 0.4139956826923077 0.9005463725961539 0.4112346418269231 0.90302465625 0.4201699375 0.9086209783653847 0.42297623557692304 0.9102056923076923 0.42472708894230765 0.9080745552884615
4 0.42524552403846155 0.9318578942307691 0.41485151923076924 0.9318610504807693 0.4171866658653846 0.9366665889423077 0.4283213389423077 0.9348794495192307 0.42524552403846155 0.9318578942307691
4 0.4030440649038462 0.9415266826923077 0.3962196586538462 0.9433620625000001 0.4010689519230769 0.9462839807692307 0.40764647596153847 0.9450432596153846 0.4030440649038462 0.9415266826923077
4 0.33765995673076926 0.8069715673076924 0.3351231778846154 0.8068236923076924 0.3357527307692308 0.8178233701923077 0.3405793966346154 0.8187137860576923 0.34073576923076926 0.8099931225961539 0.33765995673076926 0.8069715673076924
4 0.3512675721153846 0.8451201322115385 0.3423096490384615 0.8374923125 0.33903220432692305 0.8391284230769231 0.34646353365384613 0.84626121875 0.35028001682692306 0.8474987836538461 0.3512675721153846 0.8451201322115385
4 0.34083034134615386 0.8640014519230769 0.33391541346153847 0.8577108341346154 0.32886448557692305 0.8594465817307693 0.33831618990384615 0.8658850745192308 0.34083034134615386 0.8640014519230769
4 0.2865211201923077 0.8133293581730769 0.2828836442307692 0.8054026298076923 0.2778100865384615 0.805106875 0.2824803798076923 0.8147179543269231 0.28578045432692306 0.81511334375 0.2865211201923077 0.8133293581730769
4 0.25236833413461535 0.7287101105769231 0.2422891057692308 0.7342131057692308 0.242558625 0.7356499423076923 0.24686888221153847 0.7356981826923078 0.25569103846153846 0.7311370024038462 0.25236833413461535 0.7287101105769231
4 0.35369390144230767 0.3574090408653846 0.33732930048076926 0.36762109134615384 0.3350846682692307 0.37094155528846157 0.34094415144230766 0.3735163197115385 0.3582963125 0.36092562019230773 0.35369390144230767 0.3574090408653846
4 0.21657614182692309 0.38311702163461536 0.21819122355769233 0.36879688461538457 0.20979496394230768 0.36607424038461533 0.20970647596153846 0.3808894038461539 0.21657614182692309 0.38311702163461536
4 0.43229081009615383 0.3808713870192308 0.41457861538461543 0.38389925 0.4161504663461538 0.3884572764423077 0.4331446225961538 0.3892449014423077 0.43229081009615383 0.3808713870192308
4 0.29705764423076925 0.39369606730769235 0.30715950240384615 0.3902245745192308 0.31039168990384614 0.38452546153846157 0.3065752091346154 0.3832878966346154 0.29398183173076925 0.3906745120192308 0.29705764423076925 0.39369606730769235
4 0.32708964663461537 0.3359624182692308 0.3177284543269231 0.3376499254807692 0.31878389903846155 0.3413657764423077 0.3286614951923077 0.3405204447115385 0.32708964663461537 0.3359624182692308
4 0.2530944807692308 0.8166592836538461 0.25655092788461537 0.8083340096153846 0.25349774278846154 0.8073439591346154 0.24927799759615385 0.81542171875 0.2530944807692308 0.8166592836538461
4 0.25522596634615385 0.8031813221153846 0.26561997115384617 0.8031781658653846 0.26456452884615383 0.7994623149038461 0.25392363221153846 0.8000601322115385 0.25522596634615385 0.8031813221153846
4 0.3359337572115385 0.8340753725961538 0.3330822043269231 0.8284276562499999 0.3292657235576923 0.8271900913461538 0.33240942548076924 0.8363061442307692 0.3346993125 0.8370486826923076 0.3359337572115385 0.8340753725961538
4 0.8159671754807692 0.8460196033653846 0.8017340600961538 0.8427536923076923 0.8010160240384615 0.8465691826923076 0.8152491346153846 0.8498350913461539 0.8159671754807692 0.8460196033653846
4 0.7628349855769231 0.6506642043269231 0.7746424375000001 0.6409985769230769 0.7720604038461538 0.6367876995192308 0.757716170673077 0.6463054495192307 0.7628349855769231 0.6506642043269231
4 0.7164525721153846 0.8791980600961539 0.7222441658653846 0.8756783269230769 0.7204480576923077 0.8737464639423076 0.7133993870192307 0.8782080072115386 0.7164525721153846 0.8791980600961539
4 0.6630383701923077 0.7950801490384615 0.6548663677884616 0.7897313413461539 0.6531155144230769 0.7918624807692307 0.6622977019230769 0.7968641370192308 0.6630383701923077 0.7950801490384615