0 0.7022394495192308 0.7039468798076923 0.6991771442307692 0.711167298076923 0.678957266826923 0.7113614615384616 0.6770043822115385 0.7279759423076922 0.6822442740384616 0.7372668942307693 0.7006579399038462 0.7410521850961539 0.7122256971153846 0.7436624134615385 0.7221339134615385 0.7376170576923078 0.7307004423076923 0.7266354759615384 0.7351365072115384 0.7157570096153846 0.708214326923077 0.6985173990384616 0.7022394495192308 0.7039468798076923
0 0.76894853125 0.5535005793269231 0.7683922884615384 0.5469917067307692 0.7698806466346154 0.5392929014423077 0.7634289879807692 0.5391433533653847 0.758598670673077 0.5489963028846154 0.7639149591346153 0.5555934158653846 0.76894853125 0.5535005793269231
0 0.7666675624999999 0.7869272692307692 0.7740574615384616 0.7801164975961539 0.7701592572115386 0.7757617692307692 0.7628014326923077 0.7739782716346154 0.7606834951923077 0.7814857235576922 0.7613574038461538 0.7875775096153846 0.7666675624999999 0.7869272692307692
0 0.6703977067307693 0.40490202884615384 0.6861402572115385 0.4133095769230769 0.6895142908653846 0.4025611586538461 0.6703977067307693 0.40490202884615384
0 0.6686695288461538 0.4546423653846154 0.6743449326923077 0.46723559374999996 0.6794900384615384 0.4574783173076923 0.6686695288461538 0.4546423653846154
0 0.62187003125 0.5635914591346154 0.6251294615384615 0.556883798076923 0.6187129423076924 0.5517636538461539 0.6120641586538461 0.5511013485576923 0.6081782091346154 0.561241329326923 0.6154596370192308 0.5657186682692308 0.62187003125 0.5635914591346154
0 0.5761293052884615 0.5755010552884615 0.5565008076923077 0.5772334879807692 0.5551683149038461 0.5831682956730769 0.569451514423077 0.5870566995192308 0.5728790649038461 0.5930797475961538 0.59298434375 0.59692634375 0.5890769495192308 0.5817005841346155 0.5761293052884615 0.5755010552884615
0 0.5898409423076922 0.5547621995192308 0.5897706706730769 0.5647033942307692 0.5948424423076923 0.5612636346153846 0.5898409423076922 0.5547621995192308
0 0.7127739855769231 0.6011834302884616 0.7135120360576923 0.5900866730769231 0.7153946466346154 0.5834133822115384 0.7089078533653846 0.5882344302884616 0.7068281177884616 0.5943949615384615 0.7076609495192308 0.6023464302884615 0.7127739855769231 0.6011834302884616
0 0.6117236201923076 0.6601330697115385 0.6154216322115384 0.6603513605769231 0.6180453581730769 0.6462049903846154 0.6089256514423077 0.6543013774038461 0.6117236201923076 0.6601330697115385
0 0.5968490408653846 0.6547063918269231 0.5995552932692307 0.6451135360576923 0.5958954807692307 0.6435483269230768 0.5910590336538462 0.6461539254807692 0.5968490408653846 0.6547063918269231
0 0.48779699278846156 0.46216019711538464 0.48544372836538463 0.4705018100961539 0.48926246875 0.4739266971153846 0.49697021874999997 0.4708352788461539 0.4997972019230769 0.4644490216346154 0.49357167788461537 0.4525942788461539 0.48712308413461536 0.4560684086538461 0.48779699278846156 0.46216019711538464
0 0.5496959663461538 0.48504940865384616 0.5529584615384615 0.4819654230769231 0.547639110576923 0.47174463461538463 0.5400108197115384 0.4757658918269231 0.5496959663461538 0.48504940865384616
0 0.47957588942307694 0.5094742283653846 0.48263206730769226 0.4950064543269231 0.4798340985576923 0.48917476201923077 0.4717733533653846 0.4935174230769231 0.4603355168269231 0.5049848245192308 0.46864384134615383 0.5143027115384615 0.47957588942307694 0.5094742283653846
0 0.23682399999999998 0.3777280889423077 0.24181018028846155 0.36611113942307694 0.2347671418269231 0.3644233173076923 0.22268440865384614 0.35758097836538466 0.21824221634615387 0.3612120889423077 0.2087251875 0.36465928365384614 0.20699843990384614 0.36956857451923075 0.21208553125000001 0.38424720192307693 0.22517678125 0.3741880240384615 0.22962203605769232 0.37418059134615383 0.21373894471153848 0.3856554278846154 0.18286667067307694 0.3957443461538462 0.1827551370192308 0.40340878124999996 0.16283023076923075 0.4267876033653846 0.1584323653846154 0.4363191514423077 0.17495729326923076 0.43953037740384615 0.18511002884615382 0.44352189423076926 0.19380341346153845 0.44299426442307693 0.1991991682692308 0.45052121875 0.2064744639423077 0.44775119951923076 0.21279926682692307 0.4374467980769231 0.2253908581730769 0.44127389423076924 0.23927673798076923 0.4405131057692308 0.24994138942307692 0.4451130576923077 0.27619415865384617 0.4150535120192308 0.26725625721153845 0.40554427163461537 0.2632403942307692 0.401606625 0.26598484375 0.39066685096153847 0.26070675240384616 0.3827228173076923 0.246827 0.39073096153846154 0.24183162740384614 0.3914768798076923 0.23682399999999998 0.3777280889423077
0 0.2202079423076923 0.6389496346153846 0.22775983173076925 0.6376222139423077 0.24054854807692308 0.6419620721153846 0.2476114014423077 0.6205609110576924 0.24221564903846152 0.6130339567307692 0.23497854807692306 0.6144570552884615 0.23316620913461536 0.6111891514423077 0.2297004591346154 0.6065130216346154 0.22376071874999998 0.6069719086538462 0.22737620432692307 0.6026366850961539 0.2346484375 0.5962429903846154 0.24731030048076924 0.5901288942307692 0.24564769711538462 0.5778496370192308 0.2446559375 0.5680384927884615 0.24429375240384615 0.5584187019230769 0.23331431490384616 0.5537230721153846 0.22560349759615386 0.5531908149038461 0.21853451923076922 0.5673446201923077 0.21398385336538464 0.5822638461538461 0.2141229639423077 0.6072125072115384 0.2038204951923077 0.6122323461538461 0.19783030048076922 0.5995434399038462 0.1921136298076923 0.5846734567307692 0.18085147115384614 0.5712878774038461 0.1746702764423077 0.5653335673076924 0.1670037860576923 0.5707017475961538 0.15946109134615385 0.5829001995192308 0.15609318509615383 0.6008959711538462 0.1590378293269231 0.5940926346153846 0.17099677403846153 0.5941046971153846 0.1760838653846154 0.6087833269230769 0.17373979326923078 0.6279959711538462 0.17646443028846154 0.6401451826923077 0.18496987740384616 0.649975826923077 0.19181885336538462 0.6547745697115384 0.2086967716346154 0.6567345528846154 0.2135301514423077 0.6505052812500001 0.2202079423076923 0.6389496346153846
0 0.19498291105769233 0.3491613629807692 0.18562481249999999 0.3544682355769231 0.17839077644230766 0.35951500961538463 0.1799739158653846 0.37086442788461543 0.18571653125 0.36989278124999997 0.18643170192307693 0.37826133173076926 0.19441910817307692 0.38023618509615387 0.1971604951923077 0.36567273557692304 0.18995240384615386 0.3548778798076923 0.19317670192307693 0.3531408173076923 0.19597467307692307 0.35897250721153845 0.19498291105769233 0.3491613629807692
0 0.1700840841346154 0.39865184615384613 0.17877746634615385 0.3981242139423077 0.1865998221153846 0.3909920384615385 0.18410437980769231 0.3707613149038461 0.16822741586538464 0.3894835048076923 0.1700840841346154 0.39865184615384613
0 0.3179024639423077 0.5192047067307692 0.32438312980769235 0.5071363028846154 0.3174164903846154 0.5027546394230769 0.31427472115384614 0.5090452211538461 0.3179024639423077 0.5192047067307692
0 0.2987203028846154 0.5835651730769231 0.30500996634615385 0.5782313653846154 0.30956675961538466 0.5705594951923076 0.29422459134615386 0.5704248149038461 0.2987203028846154 0.5835651730769231
0 0.4114908317307692 0.3352665336538462 0.41656260096153847 0.33182677884615386 0.4128584591346154 0.3243611298076923 0.4048741177884615 0.3260099519230769 0.4114908317307692 0.3352665336538462
0 0.4912096153846154 0.6366364038461538 0.4983321153846154 0.6392540649038462 0.5028568365384616 0.6401764687499999 0.5004913173076923 0.6340233725961538 0.4932511514423077 0.6318227908653846 0.4912096153846154 0.6366364038461538
0 0.915883423076923 0.5596684086538462 0.9266626754807692 0.5602276009615385 0.9227996057692308 0.5509022788461538 0.9145768725961538 0.5497615841346154 0.915883423076923 0.5596684086538462
0 0.5881738413461538 0.5836903125 0.6016211442307692 0.5760035697115384 0.5933189495192308 0.5739330384615384 0.5876176009615385 0.5771814399038462 0.5881738413461538 0.5836903125
4 0.7470331923076923 0.17686666346153845 0.7418850216346153 0.1830002596153846 0.7385109903846154 0.1937486778846154 0.74229153125 0.19852048798076924 0.7462661322115385 0.20018137259615384 0.7519323485576923 0.20190356490384614 0.7578277596153846 0.19554424278846155 0.7579744326923077 0.18290921153846154 0.7564738173076923 0.17611331009615386 0.7510016682692308 0.17128019471153846 0.7470331923076923 0.17686666346153845
4 0.3368878870192308 0.6409030264423077 0.3576196826923077 0.6413173004807693 0.3591493004807692 0.6358952548076923 0.3544274591346154 0.6344600913461539 0.3397148677884615 0.6345167668269232 0.3368878870192308 0.6409030264423077
0 0.8649159086538462 0.2520933942307692 0.8703498605769231 0.2582734230769231 0.8738125504807692 0.259325875 0.8691579110576922 0.24432584375 0.8608908509615384 0.23728471634615383 0.8649159086538462 0.2520933942307692