2 0.5110576923076923 0.49038461538461536 0.5764423076923078 0.3878205120192308 0.505048076923077 0.2932692307692308 0.42283653846153846 0.20641025721153847 0.4045673076923077 0.2025641033653846 0.2668269230769231 0.43205128125 0.22355769230769232 0.503525641826923 0.20096153846153844 0.5378205120192308 0.23966346153846155 0.5307692307692308 0.24254807692307695 0.5272435889423077 0.36682692307692305 0.6782051274038461 0.3778846153846154 0.6782051274038461 0.40817307692307697 0.65544871875 0.5110576923076923 0.49038461538461536
1 0.27211538461538465 0.5637820504807692 0.25 0.5368589735576923 0.2283653846153846 0.5346153846153846 0.21250000000000002 0.5442307692307693 0.21057692307692305 0.5714743581730769 0.24783653846153844 0.5871794879807692 0.2588942307692308 0.5855769230769231 0.2709134615384615 0.5733974350961538 0.27211538461538465 0.5637820504807692
1 0.2625 0.6903846153846154 0.26947115384615383 0.6753205120192308 0.26947115384615383 0.6224358966346154 0.26971153846153845 0.5967948725961538 0.26802884615384615 0.5881410264423077 0.26009615384615387 0.5855769230769231 0.2485576923076923 0.5871794879807692 0.23509615384615384 0.5858974350961538 0.22259615384615383 0.6762820504807692 0.2329326923076923 0.6891025649038462 0.24951923076923077 0.691025641826923 0.2625 0.6903846153846154
1 0.3112980769230769 0.6778846153846154 0.31346153846153846 0.669871795673077 0.2920673076923077 0.6169871802884616 0.2870192307692308 0.6 0.28533653846153845 0.5871794879807692 0.2831730769230769 0.5782051274038461 0.2704326923076923 0.5772435889423077 0.27163461538461536 0.5817307692307693 0.2713942307692308 0.5958333341346154 0.2692307692307692 0.6381410264423076 0.27019230769230773 0.6653846153846155 0.2764423076923077 0.6817307692307693 0.296875 0.6826923076923077 0.3112980769230769 0.6778846153846154
1 0.3228365384615385 0.6775641033653846 0.33774038461538464 0.6743589735576924 0.3495192307692308 0.666025641826923 0.34831730769230773 0.65544871875 0.29735576923076923 0.5887820504807693 0.2865384615384615 0.5919871802884615 0.28677884615384613 0.6006410264423077 0.2935096153846154 0.6192307692307693 0.3161057692307692 0.6733974350961538 0.3228365384615385 0.6775641033653846
1 0.278125 0.7461538461538461 0.28028846153846154 0.7003205120192307 0.2709134615384615 0.6913461538461539 0.20625 0.6891025649038462 0.19783653846153845 0.696474358173077 0.19591346153846154 0.7368589735576924 0.20120192307692308 0.7493589735576923 0.2639423076923077 0.7525641033653846 0.278125 0.7461538461538461
1 0.21346153846153845 0.8442307692307692 0.2237980769230769 0.8426282043269231 0.23197115384615385 0.8272435889423077 0.24254807692307695 0.753525641826923 0.19831730769230768 0.7493589735576923 0.18798076923076923 0.8208333341346153 0.19326923076923078 0.8362179495192308 0.2016826923076923 0.8419871802884615 0.21346153846153845 0.8442307692307692
1 0.26658653846153846 0.8692307692307693 0.28221153846153846 0.8676282043269231 0.30865384615384617 0.7894230769230769 0.3081730769230769 0.7717948725961539 0.3036057692307692 0.7660256418269231 0.29615384615384616 0.7583333341346153 0.28365384615384615 0.7541666658653846 0.27524038461538464 0.7567307692307692 0.26778846153846153 0.7634615384615385 0.24471153846153845 0.8391025649038462 0.24423076923076922 0.8477564110576924 0.25240384615384615 0.8615384615384615 0.26658653846153846 0.8692307692307693
1 0.32019230769230766 0.8740384615384615 0.3334134615384615 0.88205128125 0.34423076923076923 0.8826923076923077 0.38749999999999996 0.8221153846153846 0.39278846153846153 0.8134615384615385 0.3918269230769231 0.7983974350961538 0.3855769230769231 0.7858974350961538 0.3766826923076923 0.7769230769230769 0.36826923076923074 0.7733974350961539 0.35889423076923077 0.7753205120192308 0.31706730769230773 0.8365384615384616 0.31442307692307697 0.8512820504807692 0.3180288461538462 0.8631410264423077 0.32019230769230766 0.8740384615384615
1 0.36201923076923076 0.7455128197115385 0.35480769230769227 0.7237179495192307 0.2987980769230769 0.6865384615384615 0.28870192307692305 0.6923076923076923 0.28076923076923077 0.7073717956730768 0.2810096153846154 0.7381410264423077 0.3336538461538462 0.7772435889423076 0.3430288461538461 0.7740384615384616 0.3528846153846154 0.7647435889423077 0.36201923076923076 0.7455128197115385
1 0.38653846153846155 0.7435897427884615 0.3956730769230769 0.7416666658653847 0.40432692307692303 0.7275641033653847 0.4105769230769231 0.7108974350961539 0.4098557692307692 0.6939102572115385 0.40528846153846154 0.6855769230769231 0.3850961538461538 0.6737179495192307 0.37692307692307697 0.6788461538461538 0.36658653846153844 0.6788461538461538 0.34759615384615383 0.6557692307692308 0.3495192307692308 0.666025641826923 0.3387019230769231 0.675 0.3283653846153846 0.6772435889423077 0.3264423076923077 0.6849358966346154 0.32596153846153847 0.6983974350961539 0.3338942307692308 0.7099358966346153 0.38653846153846155 0.7435897427884615
1 0.45769230769230773 0.6516025649038462 0.4730769230769231 0.6589743581730769 0.4872596153846154 0.6301282043269231 0.5177884615384616 0.5961538461538461 0.5194711538461538 0.5891025649038462 0.5242788461538461 0.5791666658653847 0.51875 0.5644230769230769 0.5069711538461539 0.5490384615384616 0.49735576923076924 0.5432692307692307 0.4877403846153846 0.5483974350961538 0.4774038461538461 0.5685897427884615 0.44350961538461536 0.6099358966346153 0.4427884615384615 0.6208333341346154 0.4466346153846154 0.6375 0.45769230769230773 0.6516025649038462
1 0.5237980769230769 0.8358974350961539 0.5401442307692308 0.8282051274038462 0.5447115384615384 0.8189102572115385 0.5298076923076923 0.7294871802884615 0.5221153846153845 0.7166666658653846 0.48677884615384615 0.7269230769230769 0.48389423076923077 0.7448717956730769 0.4992788461538461 0.8330128197115385 0.5045673076923077 0.8391025649038462 0.5237980769230769 0.8358974350961539
1 0.5978365384615384 0.4602564110576923 0.6024038461538461 0.4657051274038461 0.6134615384615384 0.46410256490384616 0.6269230769230769 0.45801281971153845 0.6346153846153846 0.4464743581730769 0.6360576923076924 0.4326923076923077 0.6329326923076923 0.42596153846153845 0.6245192307692308 0.42243589663461534 0.619951923076923 0.38749999999999996 0.6146634615384615 0.3621794879807692 0.6086538461538461 0.3474358966346154 0.6026442307692308 0.3400641033653846 0.5879807692307693 0.3416666658653846 0.5737980769230769 0.3512820504807692 0.5673076923076923 0.3586538461538461 0.5682692307692307 0.3708333341346154 0.5766826923076923 0.3858974350961538 0.5872596153846155 0.4105769230769231 0.5889423076923077 0.44743589663461536 0.5978365384615384 0.4602564110576923
1 0.6324519230769231 0.39519230769230773 0.6485576923076923 0.4009615384615385 0.6711538461538461 0.3833333341346154 0.6838942307692307 0.3644230769230769 0.7024038461538461 0.35416666586538464 0.7074519230769231 0.3426282043269231 0.7103365384615384 0.3375 0.7055288461538461 0.32179487259615386 0.70625 0.31057692307692303 0.7040865384615385 0.3057692307692308 0.6987980769230769 0.3057692307692308 0.6918269230769231 0.2955128197115385 0.682451923076923 0.29006410336538463 0.628125 0.3253205120192308 0.6125 0.35448718028846155 0.6156250000000001 0.36346153846153845 0.6209134615384616 0.3810897427884615 0.6324519230769231 0.39519230769230773
1 0.8754807692307692 0.5461538461538461 0.8858173076923077 0.5451923076923078 0.8971153846153845 0.5339743581730769 0.9105769230769231 0.44102564182692305 0.9091346153846154 0.4301282043269231 0.9096153846153846 0.41955128125 0.8987980769230769 0.4105769230769231 0.8819711538461538 0.40673076923076923 0.8632211538461539 0.40673076923076923 0.8545673076923077 0.42403846153846153 0.8413461538461539 0.5173076923076922 0.8447115384615385 0.5310897427884615 0.8581730769230769 0.5419871802884615 0.8754807692307692 0.5461538461538461
1 0.7040865384615385 0.3211538461538461 0.7064903846153846 0.3125 0.7026442307692308 0.30544871875 0.692548076923077 0.3125 0.6918269230769231 0.32211538461538464 0.6951923076923077 0.32724358894230765 0.7040865384615385 0.3211538461538461
1 0.505048076923077 0.5580128197115385 0.5014423076923077 0.5576923076923077 0.505048076923077 0.5637820504807692 0.5096153846153846 0.5669871802884615 0.5115384615384616 0.5641025649038461 0.505048076923077 0.5580128197115385
1 0.29254807692307694 0.7576923076923077 0.2860576923076923 0.7650641033653846 0.29230769230769227 0.7701923076923076 0.296875 0.7666666658653847 0.29254807692307694 0.7576923076923077
1 0.6153846153846154 0.4660256418269231 0.6204326923076924 0.46858974278846155 0.6254807692307692 0.4650641033653846 0.6240384615384615 0.4602564110576923 0.6153846153846154 0.4660256418269231