1 0.5766717067307693 0.47140474038461544 0.574231048076923 0.44872487740384615 0.5671856201923077 0.43349484134615385 0.5602303004807692 0.4342303653846154 0.5560123677884615 0.44351579807692304 0.5526955120192307 0.50191515625 0.5527436730769231 0.5123543653846154 0.5540238149038461 0.5295274014423077 0.557005110576923 0.5374589278846154 0.5595700504807692 0.5478542091346154 0.5690064182692308 0.5464612548076923 0.5731886177884615 0.5365623245192308 0.5736453629807692 0.5107612860576923 0.5694740360576923 0.5016222860576923 0.5702647980769231 0.4911684326923077 0.568259141826923 0.4807633894230769 0.5766717067307693 0.47140474038461544
1 0.5702492692307692 0.5341571466346153 0.5657206177884615 0.5188831802884615 0.5628527331730769 0.5177049975961538 0.5615679350961538 0.5244827524038461 0.5656444975961539 0.5416069711538462 0.5702492692307692 0.5341571466346153
2 0.6185480937500001 0.38776749759615387 0.6256525552884615 0.39439881730769233 0.6299730264423077 0.4109046586538462 0.6356854951923077 0.42247324038461537 0.6399158557692307 0.42301351923076924 0.6450255384615384 0.40020186538461544 0.6399080841346154 0.3892370192307692 0.6436677163461538 0.37688898317307695 0.6407516682692307 0.36527159134615383 0.6255438028846154 0.3636946826923077 0.6179111298076924 0.38163741105769233 0.6185480937500001 0.38776749759615387
4 0.57781821875 0.32768049759615386 0.5851324158653847 0.3619435841346154 0.5885533701923077 0.3581991442307692 0.5809237980769231 0.3233274447115385 0.57781821875 0.32768049759615386
4 0.5732585240384616 0.5089256754807692 0.5748586971153846 0.5027565360576923 0.5785825961538461 0.4897950024038461 0.5769995120192308 0.4818390673076923 0.5703486923076923 0.5022211394230769 0.5732585240384616 0.5089256754807692
4 0.5773148846153846 0.4824476850961539 0.5761838870192307 0.4726414951923077 0.5696930841346154 0.48135248076923076 0.5710679903846153 0.49054029086538464 0.5773148846153846 0.4824476850961539
4 0.5766701466346154 0.4425410961538461 0.5733501754807693 0.4432131658653846 0.5775696658653846 0.462791375 0.5766701466346154 0.4425410961538461
4 0.5255003413461539 0.6405669927884615 0.5283915264423077 0.6325329615384615 0.5300864663461539 0.6183786009615384 0.5268317451923077 0.6153648076923077 0.5218587788461538 0.6357175913461539 0.5255003413461539 0.6405669927884615
4 0.5620246947115385 0.6092234278846154 0.55055315625 0.6045106971153846 0.5544448413461539 0.613654579326923 0.5616145552884615 0.61660003125 0.5620246947115385 0.6092234278846154
2 0.5518503846153846 0.6075586586538462 0.5500420360576923 0.614959670673077 0.5466505985576923 0.61440475 0.5419805769230769 0.6255404350961539 0.5454263918269231 0.641447423076923 0.550888733173077 0.6487215264423077 0.5577119951923077 0.6264940841346154 0.5518503846153846 0.6075586586538462
2 0.559941375 0.7032202475961539 0.5504692764423077 0.703999704326923 0.5568140504807693 0.7456491586538461 0.5662379879807692 0.7344304927884615 0.559941375 0.7032202475961539
4 0.5203596033653846 0.749356079326923 0.5086923149038461 0.7557009375000001 0.5109418798076922 0.7654876033653846 0.5212824230769231 0.7603941418269231 0.5203596033653846 0.749356079326923
4 0.5231063052884616 0.7100044134615384 0.512324545673077 0.6979101971153846 0.5110754807692308 0.7053014471153846 0.5214766129807692 0.7204729110576923 0.5231063052884616 0.7100044134615384
4 0.4626896610576923 0.8934528197115384 0.45109849519230766 0.8770738870192307 0.44893904086538466 0.8832527860576923 0.4608098461538462 0.8996268389423077 0.4626896610576923 0.8934528197115384
4 0.4335214519230769 0.9645858269230769 0.42174696875 0.9690901947115385 0.42294943028846155 0.9801233774038463 0.43371254086538463 0.9774790240384615 0.4335214519230769 0.9645858269230769
4 0.5080538100961538 0.831248920673077 0.5028493653846154 0.862045798076923 0.5058601778846155 0.8656779687499999 0.5105410721153846 0.8355043509615385 0.5080538100961538 0.831248920673077
3 0.4302139110576923 0.9935072307692308 0.4380227043269231 0.9933709278846153 0.44458906490384614 0.9815880168269231 0.4537753052884615 0.9759005865384616 0.4690297788461538 0.9590530600961539 0.48244482451923076 0.9250422644230769 0.5172058774038462 0.8538116346153846 0.5073997596153846 0.8392439086538462 0.47248334855769236 0.8981948365384615 0.44734198317307694 0.9471492115384615 0.43916245432692314 0.9749274134615384 0.4302139110576923 0.9935072307692308