1 0.43660895913461534 0.7411820504807692 0.44442547355769235 0.7493165552884615 0.4597965625 0.749552014423077 0.5406175360576924 0.7399528341346154 0.554339375 0.7314652788461539 0.5599705144230769 0.7207554639423077 0.5587018533653846 0.711667985576923 0.5533694302884615 0.7034810168269231 0.5437358894230769 0.6980835264423076 0.45564269951923075 0.7053413269230769 0.4408445600961538 0.7112038942307692 0.43493923557692304 0.7278259543269231 0.43660895913461534 0.7411820504807692
1 0.4547382764423077 0.7045457451923076 0.5632648629807693 0.6940050024038461 0.5725505192307693 0.6824542379807692 0.5736800096153846 0.67239959375 0.56803246875 0.6608587091346153 0.558808170673077 0.6554016586538461 0.46350006009615385 0.6609278798076923 0.4461891778846154 0.6665380120192308 0.43798800480769234 0.6763855841346154 0.4368503341346154 0.6907684086538463 0.4460664567307692 0.7005536394230769 0.4547382764423077 0.7045457451923076
1 0.4301223725961538 0.6633130985576923 0.44710178125 0.6630054134615384 0.46306217307692304 0.6606825408653846 0.5541346370192307 0.6542274206730769 0.5623071634615384 0.6440749447115385 0.564881264423077 0.6273195649038462 0.5594056057692307 0.6176080913461538 0.551552266826923 0.6134968653846153 0.45709128605769234 0.6192088653846154 0.4278837716346154 0.6262413605769231 0.4214709759615385 0.6330470192307692 0.4198954206730769 0.6471845024038461 0.4225636875 0.6579227067307692 0.4301223725961538 0.6633130985576923
1 0.42089803125 0.6269489903846155 0.4586996033653846 0.6186657235576922 0.5191608341346154 0.6043029302884615 0.5249720336538461 0.59109434375 0.5241207956730769 0.5776191274038461 0.5175606490384616 0.56961084375 0.5092121274038461 0.5646444711538462 0.43699750000000004 0.5819541322115385 0.41840978125 0.5828049615384615 0.40641902884615383 0.5876408004807693 0.3995969903846154 0.5945060192307692 0.4061448894230769 0.6244601009615385 0.42089803125 0.6269489903846155
1 0.40364434855769227 0.5713548125 0.4084529399038462 0.5783817379807693 0.41958020673076923 0.5820164759615385 0.43699750000000004 0.5819541322115385 0.5354403653846154 0.556809298076923 0.5411860961538462 0.5473190889423077 0.5409814519230769 0.5318953413461538 0.5313274447115385 0.5218647716346154 0.524902358173077 0.5197091730769231 0.42251849759615384 0.5426459399038461 0.40707375721153843 0.5504570360576924 0.40223245192307694 0.5607428293269231 0.40364434855769227 0.5713548125
1 0.42461788461538463 0.5296685 0.43299505288461543 0.5349397692307692 0.44929921394230765 0.5362757115384615 0.45546647115384614 0.535687201923077 0.5439729711538461 0.5107522235576923 0.5504512403846153 0.5002281899038462 0.5511714879807692 0.4902331033653846 0.5470381442307692 0.4815625528846154 0.5360745817307693 0.48408539663461536 0.43587604807692304 0.4949594326923077 0.42753164182692305 0.5032824975961538 0.4212047860576923 0.5110028629807692 0.42130301923076924 0.520878826923077 0.42461788461538463 0.5296685
1 0.4161260793269231 0.4922705673076923 0.42208462980769235 0.4938759254807692 0.4350289206730769 0.49477365144230767 0.5473614399038461 0.48058828846153845 0.5533158774038461 0.46890420673076927 0.5555871490384615 0.45775617788461537 0.5487978269230769 0.44730868028846155 0.5416483798076923 0.44185872596153847 0.4299624591346154 0.4540955625 0.4191994278846154 0.45875271634615383 0.41185356250000005 0.4644578918269231 0.40952499759615385 0.47499612259615387 0.4118413173076923 0.48640368749999996 0.4161260793269231 0.4922705673076923
1 0.40234279086538466 0.4559518293269231 0.42908668269230765 0.4536048798076923 0.5165701009615384 0.44427233173076924 0.52530328125 0.4312566225961539 0.5258884711538461 0.4154088533653846 0.5209079951923077 0.40655252163461536 0.5122934711538462 0.4031702163461538 0.3980088677884615 0.4142399110576923 0.3833539615384615 0.42162698798076925 0.3787786610576923 0.43032871153846153 0.38668929326923074 0.4350497403846154 0.38969314903846153 0.45377493509615385 0.40234279086538466 0.4559518293269231
3 0.4757154615384615 0.3670783125 0.4349714423076923 0.370535625 0.418106625 0.37206291826923077 0.3979515264423077 0.3827230528846154 0.38488446875000004 0.3849339014423077 0.3725131201923077 0.3901342019230769 0.35600025240384614 0.3909921298076923 0.35092976923076924 0.3988387091346154 0.3549116995192308 0.41031293509615385 0.3733561850961538 0.40793760096153847 0.3813322908653846 0.4089402524038462 0.3929629206730769 0.40910195673076927 0.40120503125 0.40852054086538464 0.41119051682692304 0.41324866586538456 0.4379630528846154 0.41120662019230764 0.5203636971153845 0.4007593966346154 0.5342492403846154 0.3984294278846154 0.539196954326923 0.39369141826923076 0.5391764879807692 0.3890583365384615 0.5464364086538461 0.3824384591346154 0.5454828701923077 0.37670489423076925 0.5397616754807693 0.3732105673076923 0.54322384375 0.3659071322115385 0.5340281923076924 0.3607549807692308 0.5136602740384615 0.36031954807692307 0.4757154615384615 0.3670783125
1 0.3474838653846154 0.3356716778846154 0.35297999278846154 0.3500162331730769 0.35872165384615384 0.35814364182692304 0.3682406057692308 0.3623215264423077 0.3778536778846154 0.36308593509615383 0.46754695673076924 0.3287061153846154 0.47551077403846154 0.32074750961538456 0.4815061490384615 0.3183295913461538 0.4813792692307692 0.30814872596153847 0.47614096875 0.29654828125 0.4680870985576923 0.2903027475961538 0.4626237283653846 0.28955253124999997 0.45023191586538464 0.29011975 0.3507455 0.32623393269230766 0.3474838653846154 0.3356716778846154
1 0.3390701466346154 0.5198660216346154 0.3370157644230769 0.524492 0.34215583413461537 0.5262164831730769 0.34511057211538465 0.5400036995192308 0.3521167860576923 0.5439291466346154 0.3686583004807692 0.5433761201923077 0.38488469951923077 0.5394691802884616 0.39433406249999997 0.5340760048076922 0.39821364903846157 0.5223848269230769 0.39495196875 0.500915516826923 0.3849377427884615 0.43406837980769236 0.3761513293269231 0.4288566658653846 0.3555460528846154 0.430310204326923 0.3412799206730769 0.43300463461538463 0.3321825 0.43772844951923073 0.3322889110576923 0.44327623317307696 0.3376541394230769 0.49596459855769226 0.3350882163461538 0.508391798076923 0.3390701466346154 0.5198660216346154
1 0.34591269711538464 0.5485409375 0.3477747740384615 0.5683595192307692 0.34566309855769234 0.5723756995192308 0.3468826418269231 0.5765251971153846 0.3520636923076923 0.6184228942307691 0.3509710288461539 0.6244542620192307 0.35374159374999997 0.6274508100961539 0.3579445264423077 0.6456924254807692 0.3747520480769231 0.6435553317307693 0.4030837860576923 0.6360321586538462 0.40142635096153845 0.6316373221153846 0.4056783533653846 0.6239098629807691 0.39825468028846156 0.5934650961538461 0.39920410576923077 0.5859092211538461 0.39206279326923077 0.5452240360576923 0.3834769158653846 0.5421466322115385 0.3649751346153846 0.5439121682692307 0.34591269711538464 0.5485409375
1 0.3669643197115385 0.7284468942307692 0.36840079807692305 0.7569813990384616 0.3745312307692308 0.7604161658653846 0.3885313653846154 0.7593058004807692 0.40709861298076927 0.7538218870192307 0.4236933173076923 0.7405892283653847 0.4095376105769231 0.7003067692307692 0.40518321875 0.6539617740384615 0.3990036682692307 0.6455890240384616 0.37787456009615383 0.645882516826923 0.3582596466346154 0.6490463389423078 0.3584684014423077 0.6777595264423077 0.3606169519230769 0.7006271225961539 0.35948746153846156 0.7106817692307692 0.3618324302884615 0.7223942355769231 0.3669643197115385 0.7284468942307692
4 0.3962209975961538 0.7572594399038461 0.3957176346153846 0.7607324759615385 0.4007717620192308 0.76154225 0.4001169855769231 0.7678189615384615 0.4058381802884616 0.7713132884615385 0.4217412788461538 0.7683806129807693 0.4315589447115385 0.7536617139423077 0.4308714110576923 0.7463440817307692 0.4289848004807692 0.7395100360576923 0.4229321298076923 0.7413181514423077 0.40554759375 0.7549748341346153 0.3962209975961538 0.7572594399038461
1 0.4501792884615385 0.6736840552884615 0.4450678677884615 0.6722644783653846 0.44016926682692303 0.6819404663461538 0.45310537740384615 0.6871663701923078 0.45915805048076924 0.6853582524038462 0.45951817788461535 0.6803607091346154 0.4501792884615385 0.6736840552884615
1 0.42645145192307693 0.6419033509615384 0.42420882692307693 0.6533562836538462 0.42865318269230773 0.6520913100961538 0.43165699278846154 0.6399094543269231 0.42645145192307693 0.6419033509615384
1 0.41965385817307693 0.573969920673077 0.41900314903846153 0.5626290120192308 0.4144155576923077 0.5623694783653846 0.41151404807692304 0.5668096802884615 0.4119642235576923 0.57601628125 0.41965385817307693 0.573969920673077
1 0.43639581490384616 0.5137370913461539 0.43013443509615384 0.5177390793269231 0.43447649278846157 0.5242157620192308 0.44120440625 0.5207640192307692 0.43639581490384616 0.5137370913461539
1 0.4179185240384615 0.47161103365384616 0.4171409783653846 0.4809963173076923 0.4226043485576923 0.4817465336538461 0.4230299447115385 0.4730306129807692 0.4179185240384615 0.47161103365384616
4 0.6597349447115385 0.5065761394230769 0.6524913750000001 0.5045396610576923 0.6477523725961538 0.507083798076923 0.6494507427884616 0.520744795673077 0.6486731971153846 0.530130079326923 0.6537068557692307 0.5263067764423077 0.6633076346153846 0.5181099254807692 0.6598700024038462 0.5124288245192308 0.6597349447115385 0.5065761394230769
4 0.6583067379807692 0.5355275673076924 0.6420025769230769 0.5341916274038462 0.6441797740384616 0.557364125 0.6565756995192308 0.57008634375 0.6606108125 0.5688809302884615 0.6663647187499999 0.5550625432692308 0.6583067379807692 0.5355275673076924
4 0.6274091225961538 0.5863849951923077 0.6375951394230769 0.5932474302884615 0.6426656225961539 0.5854008485576924 0.6511082668269231 0.5869537451923077 0.6648096346153847 0.573833108173077 0.6407094254807693 0.5689957427884615 0.6307362331730769 0.5732288725961538 0.6274091225961538 0.5863849951923077
4 0.5727341418269231 0.32236023557692306 0.5654946875 0.33361319711538456 0.5694929759615385 0.3364310625 0.5988846177884615 0.30928218269230767 0.5727341418269231 0.32236023557692306
4 0.08110500240384615 0.43223662740384616 0.05812204326923077 0.43929040865384616 0.06206303365384615 0.4414984735576923 0.08022104807692307 0.43607412259615386 0.08110500240384615 0.43223662740384616
4 0.35757992067307687 0.3901440841346154 0.35236619951923076 0.39646615625000003 0.3523211971153846 0.40481761538461536 0.3549689951923077 0.4109227379807692 0.36639909134615384 0.4089501346153846 0.3668901610576923 0.3965158389423077 0.36506084615384615 0.39029159375 0.35757992067307687 0.3901440841346154