1 0.5633597548076923 0.8136418076923077 0.6229866947115384 0.80407 0.6188148822115385 0.7967739855769231 0.622568483173077 0.7905372115384615 0.6153712307692307 0.7671488942307693 0.6010425841346154 0.7612118413461538 0.5475885625 0.7646175288461539 0.5359721778846154 0.7706246826923077 0.5366618076923078 0.7877524879807692 0.5391450480769231 0.8046567451923077 0.5633597548076923 0.8136418076923077
4 0.45675587500000003 0.7125733894230769 0.4876230625 0.7137507572115385 0.48555803125 0.7103792908653846 0.4552330384615385 0.7083899663461538 0.45675587500000003 0.7125733894230769
4 0.6848659302884615 0.7923565264423077 0.7097885697115385 0.78673796875 0.7051580697115385 0.7813600673076924 0.6778369927884615 0.7871845120192307 0.6848659302884615 0.7923565264423077
4 0.5160446274038462 0.9063521971153846 0.5534187884615385 0.9057880817307692 0.5529594639423077 0.8997042043269231 0.5138125697115384 0.9007684110576922 0.5160446274038462 0.9063521971153846
3 0.5201743125 0.6493059375 0.5148972307692308 0.643357295673077 0.5035307403846153 0.6446809326923078 0.5111227475961538 0.6493175288461538 0.5201743125 0.6493059375
1 0.40420440625 0.52809703125 0.39784357932692305 0.5317742932692308 0.40414241346153845 0.5352694014423076 0.41450803124999996 0.5366758389423076 0.4209523725961538 0.5341047355769231 0.4200970024038462 0.53076859375 0.4114623605769231 0.5283089903846154 0.40420440625 0.52809703125
4 0.42823405288461536 0.310814 0.4370565985576923 0.3157624615384615 0.44110250240384613 0.3133972451923077 0.42823405288461536 0.310814
4 0.18573023798076924 0.711832625 0.21588820432692307 0.711609625 0.21603370673076924 0.7055434134615385 0.18602189423076923 0.7077021899038461 0.18573023798076924 0.711832625
4 0.35612477403846154 0.45081214663461544 0.36817961298076923 0.45061233413461543 0.3644664783653846 0.4413981995192308 0.3523698846153846 0.4410449375 0.35612477403846154 0.45081214663461544
4 0.7161008269230769 0.43869850961538465 0.7271123846153846 0.43267369471153844 0.7232746250000001 0.4298023173076923 0.7111160432692307 0.4366214230769231 0.7161008269230769 0.43869850961538465
4 1 0.92574071875 0.9988030120192307 0.9218301754807693 0.9807833942307693 0.9229595192307692 0.9816394086538461 0.9342976514423077 1 0.9348338509615384 1 0.92574071875