2 0.07691285576923076 0.45687640625000003 0.08428791826923078 0.45390391346153847 0.09467592067307692 0.4512258557692308 0.10238024278846154 0.4454048341346154 0.1152705264423077 0.4362865985576923 0.1209979110576923 0.4333746802884615 0.12078574759615385 0.4301408557692307 0.14528004567307692 0.41694917548076926 0.16415671394230769 0.40571990625 0.14997737740384615 0.3915188125 0.12370222836538461 0.4069370456730769 0.07981325961538463 0.42975622355769233 0.02145658653846154 0.45810480288461536 0.0252245 0.47620042788461536 0.046957514423076926 0.46864804326923076 0.07253465384615385 0.45622696153846154 0.07691285576923076 0.45687640625000003
2 0.2191557403846154 0.5422774302884615 0.21685232932692308 0.5763991899038461 0.24284923317307694 0.6039427307692308 0.24704603605769232 0.5950090336538462 0.25122080288461535 0.6014738725961538 0.2572030144230769 0.5568166490384615 0.23198349278846153 0.45563260096153846 0.21245603365384616 0.3913829206730769 0.20346722115384616 0.3403876394230769 0.18944586538461536 0.33698615625 0.18508374278846154 0.3402530841346154 0.17265588701923076 0.3443568149038461 0.1870809326923077 0.38380654807692305 0.19644444951923076 0.41533829567307695 0.19562934615384617 0.4244178004807692 0.1950337451923077 0.43159829086538465 0.1828956514423077 0.43015358653846153 0.18926964903846155 0.4601744302884615 0.20693726442307694 0.5212508581730769 0.19830213461538462 0.5564158052884616 0.21017527884615386 0.5763745288461538 0.2191557403846154 0.5422774302884615
3 0.41432401201923075 0.5013352932692308 0.41772178125 0.5053974759615385 0.42240581730769233 0.5044148677884616 0.4334449951923077 0.5011725985576923 0.4577652355769231 0.4732649326923077 0.46131086057692305 0.4648954471153846 0.45602982932692304 0.45887648557692307 0.4456418269230769 0.4615545408653846 0.4166375480769231 0.49044481730769235 0.41432401201923075 0.5013352932692308
4 0.4232604206730769 0.49803526201923076 0.41729745673076923 0.4989298245192308 0.41538343509615383 0.503322360576923 0.4176120288461539 0.5063469903846154 0.42381791826923076 0.5023369350961538 0.4232604206730769 0.49803526201923076
4 0.32467548076923075 0.3543007331730769 0.3275318317307692 0.35797762019230767 0.3362955721153846 0.35414366586538465 0.33500056971153847 0.35013924278846154 0.3294063581730769 0.3508851802884615 0.32467548076923075 0.3543007331730769
4 0.3323113197115385 0.2902680264423077 0.3327824831730769 0.2943027379807692 0.3420013125 0.2905871225961538 0.3417891490384615 0.28735329567307694 0.3323113197115385 0.2902680264423077
3 0.33309844951923073 0.3159019615384615 0.33560946153846155 0.3185110024038461 0.33495094711538465 0.3242080576923077 0.34184155528846155 0.3416486081730769 0.3472396802884615 0.3415852163461538 0.3550698317307692 0.3387310600961539 0.36275073317307693 0.3341265096153846 0.35873989423076924 0.319146375 0.3563225552884616 0.3116714543269231 0.3536154519230769 0.30974496153846154 0.35334037740384616 0.30502770192307693 0.34204080769230766 0.2932870264423077 0.3415930625 0.28803584134615384 0.33311174038461544 0.2914542115384615 0.332366891826923 0.2968843028846154 0.3319673774038462 0.3033822451923077 0.3303518485576923 0.3112755673076923 0.33309844951923073 0.3159019615384615
3 0.36725931971153847 0.3042458485576923 0.36343861538461536 0.3078980769230769 0.3652984591346154 0.3110713245192308 0.37513175000000004 0.3324557235576923 0.38129080048076924 0.3308786129807692 0.38801469230769225 0.32847032932692305 0.39458933413461533 0.32431165384615385 0.3927515168269231 0.3057398701923077 0.3924837836538462 0.2958897668269231 0.38487313942307694 0.29684490384615386 0.3793813365384615 0.30177417548076924 0.36725931971153847 0.3042458485576923
3 0.3569649927884615 0.30205802403846155 0.3670866514423077 0.3037119278846154 0.3772785721153846 0.30171641346153844 0.3828567043269231 0.29705410576923075 0.3975512596153846 0.2844928413461539 0.4010734663461539 0.2773398245192308 0.39296089423076924 0.2806095673076923 0.3743974110576923 0.28507393990384616 0.37231071875 0.28893254807692303 0.36430055769230774 0.29638562740384616 0.3569649927884615 0.30205802403846155
3 0.1331417091346154 0.1731929278846154 0.12829374038461538 0.18269083413461537 0.12325107211538462 0.20705335096153846 0.1272619110576923 0.22203348798076925 0.14108718028846154 0.22611751442307693 0.1642336875 0.23066926201923074 0.14483206009615385 0.16938644471153846 0.1394734278846154 0.1721497379807692 0.1331417091346154 0.1731929278846154
4 0.6405848870192308 0.6841378774038461 0.6617925600961538 0.6801165697115384 0.6619491514423077 0.6767341177884615 0.6401137211538461 0.6801031658653846 0.6405848870192308 0.6841378774038461