3 0.5020461971153846 0.35413425480769234 0.5128672283653846 0.35485315144230767 0.52459184375 0.3554410504807692 0.5410650793269232 0.35640810096153847 0.5424300865384615 0.35834537740384614 0.5438582572115385 0.35996846875 0.54864809375 0.36232430048076925 0.5541739711538461 0.3632008173076923 0.5615070048076923 0.3638153389423077 0.5681891177884615 0.36330413461538463 0.5687822307692307 0.3516272379807692 0.5679637596153846 0.34915319471153844 0.5560084326923077 0.34753115865384615 0.5472252764423077 0.34758440384615386 0.5432951274038461 0.3496792980769231 0.5419493894230769 0.35200956250000004 0.5316748990384615 0.3507538966346154 0.51665178125 0.3491190793269231 0.5046332908653846 0.34781122355769234 0.4929086754807692 0.34722332451923077 0.4846088942307692 0.34705397836538465 0.48284294951923074 0.3492926538461539 0.4847544951923077 0.35069315865384615 0.49057424519230775 0.3522896274038461 0.5020461971153846 0.35413425480769234
4 0.4680029206730769 0.2594793894230769 0.4424360600961539 0.24701968509615385 0.43886295192307695 0.24952035576923076 0.46377888942307693 0.2608543293269231 0.4680029206730769 0.2594793894230769
4 0.38250688942307687 0.09785806971153846 0.41087764182692305 0.08764453365384615 0.407686201923077 0.08170171153846154 0.38015586778846155 0.09209843269230769 0.38250688942307687 0.09785806971153846
4 0.6125754086538462 0.44578368269230767 0.6181724807692308 0.4266708125 0.6114930456730769 0.42062361538461535 0.608005045673077 0.42051924038461536 0.6023640817307693 0.4442138341346154 0.6125754086538462 0.44578368269230767
4 0.49171275721153845 0.7546036033653846 0.5205834735576923 0.7549934182692308 0.5210063581730769 0.7485266081730769 0.5025996322115385 0.7484499158653846 0.49322872115384614 0.7470632524038462 0.49171275721153845 0.7546036033653846
4 0.17406210096153846 0.6197759375 0.17897826682692308 0.62150340625 0.21096334375 0.6107658822115385 0.2073929110576923 0.6067081466346154 0.17385333413461537 0.6164509399038463 0.17406210096153846 0.6197759375
4 0.18882675240384617 0.07072758653846153 0.18806877163461538 0.07449775961538461 0.18293848076923075 0.08256209855769231 0.17196917307692308 0.08476242548076923 0.17263936538461538 0.09015569471153848 0.18793708653846153 0.08824292788461538 0.1939077908653846 0.08036177163461539 0.19134800240384614 0.07127713701923076 0.18882675240384617 0.07072758653846153
4 0.2024993028846154 0.13798582692307693 0.20523467067307694 0.12874357211538462 0.1998238918269231 0.10329594711538462 0.19104073557692305 0.10334919230769232 0.19485311778846154 0.13238381009615385 0.2024993028846154 0.13798582692307693
4 0.14889357932692307 0.09481834375 0.17965389663461537 0.09889952403846153 0.18091719951923077 0.09261589903846154 0.16532827403846154 0.08725031009615385 0.15251326442307692 0.08117755048076923 0.14889357932692307 0.09481834375
4 0.10983076682692308 0.35456638942307694 0.1563063341346154 0.3633847980769231 0.15782229567307693 0.35584444711538465 0.11012732211538462 0.3487279447115385 0.10983076682692308 0.35456638942307694
4 0.21110468750000003 0.47043439663461534 0.22387044711538462 0.4942056850961538 0.2318131875 0.49396925480769227 0.21677883653846156 0.46839168990384616 0.21110468750000003 0.47043439663461534
4 0.2057131346153846 0.7066944855769232 0.22722886778846155 0.7087606418269231 0.22765175240384616 0.702293829326923 0.20710276682692308 0.6997824975961537 0.2057131346153846 0.7066944855769232
4 0.06466231490384615 0.8497629783653846 0.06440965384615384 0.8510197043269231 0.08983091346153847 0.8598402259615384 0.09130298076923077 0.8568815985576923 0.06466231490384615 0.8497629783653846
4 0.03056710817307692 0.7793650384615384 0.04691401201923077 0.7809604543269231 0.052000406250000006 0.7774778341346154 0.04985814903846154 0.7750431947115385 0.02964425721153846 0.7752284951923076 0.03056710817307692 0.7793650384615384
4 0.1599644735576923 0.8731594350961539 0.1624471826923077 0.8651739038461539 0.15475710576923077 0.8641536105769231 0.15143397596153846 0.871955951923077 0.1599644735576923 0.8731594350961539
4 0.854420548076923 0.2551599206730769 0.8695148605769231 0.2368053533653846 0.861616016826923 0.23246005769230768 0.8452198629807692 0.24856317307692308 0.854420548076923 0.2551599206730769