3 0.31007048076923077 0.5579574831730769 0.30779153846153845 0.5475338389423077 0.3051386514423077 0.5362963485576923 0.30154689903846155 0.5204657740384616 0.3030346466346154 0.5186042692307692 0.30420301442307696 0.5167761634615384 0.30515312019230767 0.5115590480769231 0.3044790673076923 0.5060853125 0.30305713461538464 0.49898387740384614 0.3007316394230769 0.4928298942307692 0.2893432668269231 0.4957268245192308 0.2871894879807692 0.49723150961538465 0.28891153365384614 0.5089928269230769 0.2913734423076923 0.5172649399038461 0.2944660793269231 0.5203533389423077 0.29707564903846156 0.5209333846153846 0.2986885625 0.5310002043269231 0.30124033653846155 0.5456601033653846 0.30328175721153844 0.5573880192307692 0.3059346442307692 0.568625514423077 0.30804989423076923 0.5765073990384615 0.31068674278846153 0.5775110697115384 0.31150845432692303 0.5752927403846153 0.31144587019230774 0.5693285769230769 0.31007048076923077 0.5579574831730769
4 0.22841791826923077 0.6181008076923077 0.2234571394230769 0.6459142764423077 0.22684187259615385 0.6485456466346153 0.2308990889423077 0.6216796346153846 0.22841791826923077 0.6181008076923077
4 0.0965094326923077 0.7466188822115385 0.07890370673076924 0.7228713725961539 0.07406653125 0.7276420432692308 0.09161769471153845 0.7505423004807692 0.0965094326923077 0.7466188822115385
4 0.3678406081730769 0.4265309375 0.34793022115384614 0.42690728125 0.3439500576923077 0.43500015625 0.3448070721153846 0.43832236298076926 0.36913414903846153 0.43663115625000004 0.3678406081730769 0.4265309375
4 0.6978979182692308 0.44916121875 0.6903485 0.4218031274038462 0.6840155600961538 0.42331839663461535 0.6889939423076924 0.44070986778846155 0.6902329134615385 0.44996283653846153 0.6978979182692308 0.44916121875
4 0.6554671995192307 0.7888112524038462 0.6557785552884615 0.7836609399038461 0.6366770649038462 0.7566580264423077 0.6337561442307693 0.7612282932692308 0.6523280144230769 0.7899925120192308 0.6554671995192307 0.7888112524038462
4 0.12358710096153845 0.9374085600961538 0.1274196033653846 0.9370077524038462 0.13658037019230768 0.9394615360576922 0.1417064110576923 0.9491609447115384 0.14670728125 0.9469320288461538 0.14066966346153847 0.9330631634615384 0.13145432932692308 0.9297621274038461 0.12342340384615384 0.9348668052884614 0.12358710096153845 0.9374085600961538
4 0.18449309375 0.9045972139423076 0.1748572764423077 0.9047519831730769 0.15187830288461537 0.9173906586538462 0.15434020913461538 0.9256627692307693 0.18120624999999999 0.9134705360576922 0.18449309375 0.9045972139423076
4 0.15770724278846154 0.967958548076923 0.15318787740384615 0.9377246971153846 0.146800375 0.9383927139423077 0.1459208701923077 0.9546908990384615 0.14360017067307693 0.9685809302884615 0.15770724278846154 0.967958548076923
4 0.4181376370192308 0.927927951923077 0.4138590216346154 0.88146271875 0.4061940168269231 0.8822643365384616 0.4124434471153846 0.9293764182692308 0.4181376370192308 0.927927951923077
4 0.5017306009615384 0.7980656033653847 0.5210792980769231 0.7789829254807692 0.518671954326923 0.7715580673076924 0.4982094567307692 0.7933161033653846 0.5017306009615384 0.7980656033653847
4 0.7303390600961539 0.7332153774038462 0.7264199182692308 0.7123012932692308 0.7200869807692307 0.7138165576923078 0.7233128100961538 0.7339501923076923 0.7303390600961539 0.7332153774038462
4 0.9065923004807692 0.8239611778846154 0.9078698004807693 0.8238275769230768 0.9093720168269231 0.7972287668269231 0.9061236971153845 0.7967155240384615 0.9065923004807692 0.8239611778846154
4 0.8482733822115385 0.8769729639423077 0.8453203822115385 0.8610755865384616 0.8405763028846154 0.8573069399038461 0.8388237475961537 0.8600490985576923 0.844550014423077 0.8790682740384616 0.8482733822115385 0.8769729639423077
4 0.9029268125 0.7271072884615385 0.8945684951923076 0.7271284567307692 0.8956983341346153 0.7346869206730768 0.90411121875 0.7355130024038462 0.9029268125 0.7271072884615385
4 0.7466381610576923 0.9763097860576924 0.7464969543269231 0.954147641826923 0.7415506514423077 0.9572238100961539 0.7414735913461539 0.9759969471153845 0.7466381610576923 0.9763097860576924
4 0.11820500721153845 0.25475193028846155 0.09641689423076924 0.24594211298076923 0.09440754807692307 0.25468183173076925 0.11438854326923077 0.26538656250000003 0.11820500721153845 0.25475193028846155