3 0.4910130721153846 0.6415441177884615 0.4857026153846154 0.6418504903846153 0.4787581706730769 0.6427696081730769 0.47263071875 0.64460784375 0.4742647067307692 0.6556372548076923 0.4754901971153846 0.6577818629807692 0.4869281057692308 0.6568627451923077 0.49509803846153844 0.6550245096153847 0.49836601201923075 0.65226715625 0.49918300721153847 0.6498161754807692 0.5089869278846154 0.6488970576923077 0.5232843149038462 0.6473651971153846 0.5347222211538462 0.6461397067307693 0.5457516346153846 0.6443014711538461 0.5535130721153846 0.6427696081730769 0.5547385625 0.6403186274038462 0.5526960793269231 0.6393995096153847 0.546977125 0.6390931370192308 0.5359477115384615 0.6397058822115385 0.5257352932692307 0.6412377451923077 0.5147058822115385 0.6430759807692308 0.49918300721153847 0.6455269615384616 0.4975490192307692 0.6439950985576922 0.49591503365384615 0.6427696081730769 0.4910130721153846 0.6415441177884615
4 0.6143790841346154 0.724571079326923 0.5890522884615385 0.7190563725961538 0.5853758173076924 0.7212009807692308 0.6115196081730769 0.7276348028846154 0.6143790841346154 0.724571079326923
4 0.5114379086538462 0.9950980384615384 0.5204248365384616 0.9675245096153847 0.5147058822115385 0.9644607836538461 0.5040849663461539 0.9938725480769232 0.5114379086538462 0.9950980384615384
4 0.6748366009615385 0.875 0.6985294110576923 0.8596813725961538 0.6952614375 0.8547794110576923 0.6707516346153847 0.8700980384615384 0.6748366009615385 0.875
4 0.42156862740384615 0.599877451923077 0.4248366009615384 0.5992647067307693 0.42565359375 0.5759803918269231 0.41584967307692305 0.5765931370192308 0.41421568509615386 0.5955882355769231 0.42156862740384615 0.599877451923077
4 0.4444444447115385 0.2751225480769231 0.46160130769230767 0.2714460793269231 0.47058823557692303 0.2708333341346154 0.47058823557692303 0.26348039182692307 0.44362745192307695 0.2689950985576923 0.4444444447115385 0.2751225480769231
4 0.7589869278846154 0.3406862740384616 0.7630718942307693 0.34375 0.7924836610576923 0.32781862740384615 0.7916666658653846 0.3247549014423077 0.7867647067307693 0.32414215625000004 0.7589869278846154 0.3406862740384616
4 0.8741830072115384 0.8327205889423077 0.8782679735576924 0.8406862740384615 0.880718954326923 0.8406862740384615 0.880718954326923 0.8370098028846154 0.8839869278846154 0.8284313725961538 0.8937908485576924 0.82414215625 0.8921568629807692 0.8192401971153846 0.8782679735576924 0.82414215625 0.8741830072115384 0.8327205889423077
4 0.8643790841346154 0.8125 0.8725490192307692 0.8106617644230769 0.8635620913461538 0.7843137259615385 0.85539215625 0.7806372548076923 0.8545751634615384 0.7898284302884615 0.8643790841346154 0.8125
4 0.8839869278846154 0.8186274519230768 0.8995098028846154 0.8204656850961538 0.9125816995192307 0.8235294110576923 0.9133986923076923 0.8100490192307692 0.8839869278846154 0.8125 0.8839869278846154 0.8186274519230768
4 0.8562091514423076 0.5680147067307693 0.9019607836538461 0.5649509807692308 0.9011437908653845 0.5594362740384615 0.8562091514423076 0.5606617644230769 0.8562091514423076 0.5680147067307693
4 0.7614379086538462 0.45404411778846154 0.7802287572115384 0.47487745192307695 0.78513071875 0.4718137259615384 0.7687908485576924 0.45220588221153846 0.7614379086538462 0.45404411778846154
4 0.7263071899038462 0.25857843028846156 0.7459150336538461 0.2567401971153846 0.7459150336538461 0.25 0.7254901971153846 0.2524509807692308 0.7263071899038462 0.25857843028846156
4 0.8251633990384615 0.08333333413461538 0.82434640625 0.08639705769230768 0.8504901971153846 0.08762254807692307 0.8504901971153846 0.08639705769230768 0.8251633990384615 0.08333333413461538
4 0.8758169927884616 0.15257352884615386 0.8782679735576924 0.1544117644230769 0.8970588245192308 0.15012254807692307 0.8954248365384616 0.14644607932692308 0.8799019615384616 0.14828431490384616 0.8758169927884616 0.15257352884615386
4 0.763888889423077 0.09252450961538461 0.765522875 0.08455882451923077 0.7573529423076923 0.08517156971153847 0.7565359471153846 0.0931372548076923 0.763888889423077 0.09252450961538461
4 0.9616013076923077 0.2530637259615385 0.9795751634615384 0.2542892163461538 0.98039215625 0.2493872548076923 0.9591503269230769 0.2481617644230769 0.9616013076923077 0.2530637259615385
4 0.2238562091346154 0.8265931370192308 0.23611111057692308 0.8082107836538461 0.22630718990384613 0.8039215697115385 0.21568627403846152 0.82414215625 0.2238562091346154 0.8265931370192308